0,0,0,0,0,0,0,0,0,0,0
-9271,0,0,0,0,0,0,0,0,0,11253
-9271,0,0,0,0,0,0,0,0,0,11253
-9271,0,0,0,0,0,0,0,0,0,11253
-9271,0,0,0,0,0,0,0,0,0,11253
-9271,0,0,0,0,0,0,0,0,0,11253
-9271,0,0,0,0,0,0,0,0,0,11253
-9271,0,0,0,0,0,0,0,0,0,11253
-9271,0,0,0,0,0,0,0,0,0,11253
-9271,0,0,0,0,0,0,0,0,0,11253
-9271,0,0,0,0,0,0,0,0,0,11253
-9271,0,0,0,0,0,0,0,0,0,11253
-9271,0,0,0,0,0,0,0,0,0,11253
-9271,0,0,0,0,0,0,0,0,0,11253
-9271,0,0,0,0,0,0,0,0,0,11253
-9271,0,0,0,0,0,0,0,0,0,11253
-9271,0,0,0,0,0,0,0,0,0,11253
-9271,0,0,0,0,0,0,0,0,0,11253
-9271,0,0,0,0,0,0,0,0,0,11253
-9271,0,0,0,0,0,0,0,0,0,11253
-9271,0,0,0,0,0,0,0,0,0,11253
-9271,0,0,0,0,0,0,0,0,0,11253
-9271,0,0,0,0,0,0,0,0,0,11253
-9271,0,0,0,0,0,0,0,0,0,11253
-9271,0,0,0,0,0,0,0,0,0,11253
-9271,0,0,0,0,0,0,0,0,0,11253
-9271,0,0,0,0,0,0,0,0,0,11253
-9271,0,0,0,0,0,0,0,0,0,11253
-9271,0,0,0,0,0,0,0,0,0,11253
-9271,0,0,0,0,0,0,0,0,0,11253
-9271,0,0,0,0,0,0,0,0,0,11253
-9271,0,0,0,0,0,0,0,0,0,11253
-9271,0,0,0,0,0,0,0,0,0,11253
-9271,0,0,0,0,0,0,0,0,0,11253
-9271,0,0,0,0,0,0,0,0,0,11253
-9271,0,0,0,0,0,0,0,0,0,11253
-9271,0,0,0,0,0,0,0,0,0,11253
-9271,0,0,0,0,0,0,0,0,0,11253
-9271,0,0,0,0,0,0,0,0,0,11253
-9271,0,0,0,0,0,0,0,0,0,11253
-9271,0,0,0,0,0,0,0,0,0,11253
-9271,0,0,0,0,0,0,0,0,0,11253
-9271,0,0,0,0,0,0,0,0,0,11253
-9271,0,0,0,0,0,0,0,0,0,11253
-9271,0,0,0,0,0,0,0,0,0,11253
-9271,0,0,0,0,0,0,0,0,0,11253
-9271,0,0,0,0,0,0,0,0,0,11253
-9271,0,0,0,0,0,0,0,0,0,11253
-9271,0,0,0,0,0,0,0,0,0,11253
-9271,0,0,0,0,0,0,0,0,0,11253
-9271,0,0,0,0,0,0,0,0,0,11253
-9271,0,0,0,0,0,0,0,0,0,11253
-9271,0,0,0,0,0,0,0,0,0,11253
-9271,0,0,0,0,0,0,0,0,0,11253
-9271,0,0,0,0,0,0,0,0,0,11253
-9271,0,0,0,0,0,0,0,0,0,11253
-9271,0,0,0,0,0,0,0,0,0,11253
10234,0,0,0,2,0,0,0,0,0,903
-9451,0,0,0,0,0,0,0,0,0,11235
-9271,0,0,0,0,0,0,0,0,0,11253
-9271,0,0,0,0,0,0,0,0,0,11253
-9271,0,0,0,0,0,0,0,0,0,11253
-9271,0,0,0,0,0,0,0,0,0,11253
-9271,0,0,0,0,0,0,0,0,0,11253
-9271,0,0,0,0,0,0,0,0,0,11253
-9271,0,0,0,0,0,0,0,0,0,11253
-9271,0,0,0,0,0,0,0,0,0,11253
-9271,0,0,0,0,0,0,0,0,0,11253
-9271,0,0,0,0,0,0,0,0,0,11253
-9271,0,0,0,0,0,0,0,0,0,11253
-9271,0,0,0,0,0,0,0,0,0,11253
-9271,0,0,0,0,0,0,0,0,0,11253
-9271,0,0,0,0,0,0,0,0,0,11253
-9271,0,0,0,0,0,0,0,0,0,11253
-9271,0,0,0,0,0,0,0,0,0,11253
-9271,0,0,0,0,0,0,0,0,0,11253
-9271,0,0,0,0,0,0,0,0,0,11253
-9271,0,0,0,0,0,0,0,0,0,11253
-9271,0,0,0,0,0,0,0,0,0,11253
-9271,0,0,0,0,0,0,0,0,0,11253
-9271,0,0,0,0,0,0,0,0,0,11253
-9271,0,0,0,0,0,0,0,0,0,11253
-9271,0,0,0,0,0,0,0,0,0,11253
-9271,0,0,0,0,0,0,0,0,0,11253
-9271,0,0,0,0,0,0,0,0,0,11253
-9271,0,0,0,0,0,0,0,0,0,11253
-9271,0,0,0,0,0,0,0,0,0,11253
-9271,0,0,0,0,0,0,0,0,0,11253
-9271,0,0,0,0,0,0,0,0,0,11253
-9271,0,0,0,0,0,0,0,0,0,11253
-9271,0,0,0,0,0,0,0,0,0,11253
-9271,0,0,0,0,0,0,0,0,0,11253
-9271,0,0,0,0,0,0,0,0,0,11253
-9271,0,0,0,0,0,0,0,0,0,11253
-9271,0,0,0,0,0,0,0,0,0,11253
-9271,0,0,0,0,0,0,0,0,0,11253
-9271,0,0,0,0,0,0,0,0,0,11253
-9271,0,0,0,0,0,0,0,0,0,11253
-9271,0,0,0,0,0,0,0,0,0,11253
-9271,0,0,0,0,0,0,0,0,0,11253
-9271,0,0,0,0,0,0,0,0,0,11253
-9271,0,0,0,0,0,0,0,0,0,11253
-9271,0,0,0,0,0,0,0,0,0,11253
-9271,0,0,0,0,0,0,0,0,0,11253
-9271,0,0,0,0,0,0,0,0,0,11253
-9271,0,0,0,0,0,0,0,0,0,11253
-9271,0,0,0,0,0,0,0,0,0,11253
-9271,0,0,0,0,0,0,0,0,0,11253
-9271,0,0,0,0,0,0,0,0,0,11253
-9271,0,0,0,0,0,0,0,0,0,11253
-9271,0,0,0,0,0,0,0,0,0,11253
-9271,0,0,0,0,0,0,0,0,0,11253
-9271,0,0,0,0,0,0,0,0,0,11253
-9271,0,0,0,0,0,0,0,0,0,11253
-9271,0,0,0,0,0,0,0,0,0,11253
-9271,0,0,0,0,0,0,0,0,0,11253
-9271,0,0,0,0,0,0,0,0,0,11253
-9271,0,0,0,0,0,0,0,0,0,11253
-9271,0,0,0,0,0,0,0,0,0,11253
-9271,0,0,0,0,0,0,0,0,0,11253
-9271,0,0,0,0,0,0,0,0,0,11253
-9271,0,0,0,0,0,0,0,0,0,11253
-9271,0,0,0,0,0,0,0,0,0,11253
-9271,0,0,0,0,0,0,0,0,0,11253
-9271,0,0,0,0,0,0,0,0,0,11253
-9271,0,0,0,0,0,0,0,0,0,11253
-9271,0,0,0,0,0,0,0,0,0,11253
-9271,0,0,0,0,0,0,0,0,0,11253
-9271,0,0,0,0,0,0,0,0,0,11253
-9271,0,0,0,0,0,0,0,0,0,11253
-9271,0,0,0,0,0,0,0,0,0,11253
-9271,0,0,0,0,0,0,0,0,0,11253
-9271,0,0,0,0,0,0,0,0,0,11253
-9271,0,0,0,0,0,0,0,0,0,11253
-9271,0,0,0,0,0,0,0,0,0,11253
-9271,0,0,0,0,0,0,0,0,0,11253
-9271,0,0,0,0,0,0,0,0,0,11253
-9271,0,0,0,0,0,0,0,0,0,11253
-9271,0,0,0,0,0,0,0,0,0,11253
-9271,0,0,0,0,0,0,0,0,0,11253
-9271,0,0,0,0,0,0,0,0,0,11253
-9271,0,0,0,0,0,0,0,0,0,11253
-9271,0,0,0,0,0,0,0,0,0,11253
-9271,0,0,0,0,0,0,0,0,0,11253
-9271,0,0,0,0,0,0,0,0,0,11253
-9271,0,0,0,0,0,0,0,0,0,11253
-9271,0,0,0,0,0,0,0,0,0,11253
-9271,0,0,0,0,0,0,0,0,0,11253
-9271,0,0,0,0,0,0,0,0,0,11253
-9271,0,0,0,0,0,0,0,0,0,11253
-9271,0,0,0,0,0,0,0,0,0,11253
-9271,0,0,0,0,0,0,0,0,0,11253
-9271,0,0,0,0,0,0,0,0,0,11253
-9271,0,0,0,0,0,0,0,0,0,11253
-9271,0,0,0,0,0,0,0,0,0,11253
-9271,0,0,0,0,0,0,0,0,0,11253
-9271,0,0,0,0,0,0,0,0,0,11253
-9271,0,0,0,0,0,0,0,0,0,11253
-9271,0,0,0,0,0,0,0,0,0,11253
-9271,0,0,0,0,0,0,0,0,0,11253
-9271,0,0,0,0,0,0,0,0,0,11253
-9271,0,0,0,0,0,0,0,0,0,11253
-9271,0,0,0,0,0,0,0,0,0,11253
-9271,0,0,0,0,0,0,0,0,0,11253
-9271,0,0,0,0,0,0,0,0,0,11253
-9271,0,0,0,0,0,0,0,0,0,11253
-9271,0,0,0,0,0,0,0,0,0,11253
5925,0,0,0,6,0,0,0,0,0,4019
-9271,0,0,0,0,0,0,0,0,0,11253
-9271,0,0,0,0,0,0,0,0,0,11253
-9271,0,0,0,0,0,0,0,0,0,11253
-9271,0,0,0,0,0,0,0,0,0,11253
-9271,0,0,0,0,0,0,0,0,0,11253
-9271,0,0,0,0,0,0,0,0,0,11253
-9271,0,0,0,0,0,0,0,0,0,11253
-9271,0,0,0,0,0,0,0,0,0,11253
-9271,0,0,0,0,0,0,0,0,0,11253
-9271,0,0,0,0,0,0,0,0,0,11253
-9271,0,0,0,0,0,0,0,0,0,11253
-9271,0,0,0,0,0,0,0,0,0,11253
-9271,0,0,0,0,0,0,0,0,0,11253
-9472,0,0,0,3,0,0,0,0,0,11138
-9271,0,0,0,0,0,0,0,0,0,11253
-9271,0,0,0,0,0,0,0,0,0,11253
-9271,0,0,0,0,0,0,0,0,0,11253
-9271,0,0,0,0,0,0,0,0,0,11253
-9271,0,0,0,0,0,0,0,0,0,11253
-9271,0,0,0,0,0,0,0,0,0,11253
-9271,0,0,0,0,0,0,0,0,0,11253
-9271,0,0,0,0,0,0,0,0,0,11253
-9271,0,0,0,0,0,0,0,0,0,11253
-9271,0,0,0,0,0,0,0,0,0,11253
-9271,0,0,0,0,0,0,0,0,0,11253
-9271,0,0,0,0,0,0,0,0,0,11253
-9271,0,0,0,0,0,0,0,0,0,11253
-9271,0,0,0,0,0,0,0,0,0,11253
-9271,0,0,0,0,0,0,0,0,0,11253
-9271,0,0,0,0,0,0,0,0,0,11253
-9271,0,0,0,0,0,0,0,0,0,11253
-9271,0,0,0,0,0,0,0,0,0,11253
-9271,0,0,0,0,0,0,0,0,0,11253
-9271,0,0,0,0,0,0,0,0,0,11253
-9271,0,0,0,0,0,0,0,0,0,11253
-9271,0,0,0,0,0,0,0,0,0,11253
-9271,0,0,0,0,0,0,0,0,0,11253
-9271,0,0,0,0,0,0,0,0,0,11253
-9271,0,0,0,0,0,0,0,0,0,11253
-9271,0,0,0,0,0,0,0,0,0,11253
-9271,0,0,0,0,0,0,0,0,0,11253
-9271,0,0,0,0,0,0,0,0,0,11253
-9271,0,0,0,0,0,0,0,0,0,11253
-9271,0,0,0,0,0,0,0,0,0,11253
-9271,0,0,0,0,0,0,0,0,0,11253
-9271,0,0,0,0,0,0,0,0,0,11253
-9271,0,0,0,0,0,0,0,0,0,11253
-9271,0,0,0,0,0,0,0,0,0,11253
-9271,0,0,0,0,0,0,0,0,0,11253
-9271,0,0,0,0,0,0,0,0,0,11253
-9271,0,0,0,0,0,0,0,0,0,11253
-9271,0,0,0,0,0,0,0,0,0,11253
-9271,0,0,0,0,0,0,0,0,0,11253
-9271,0,0,0,0,0,0,0,0,0,11253
-9271,0,0,0,0,0,0,0,0,0,11253
-9271,0,0,0,0,0,0,0,0,0,11253
-9271,0,0,0,0,0,0,0,0,0,11253
-9271,0,0,0,0,0,0,0,0,0,11253
-9271,0,0,0,0,0,0,0,0,0,11253
-9271,0,0,0,0,0,0,0,0,0,11253
-9271,0,0,0,0,0,0,0,0,0,11253
-9271,0,0,0,0,0,0,0,0,0,11253
-9271,0,0,0,0,0,0,0,0,0,11253
-9271,0,0,0,0,0,0,0,0,0,11253
-9271,0,0,0,0,0,0,0,0,0,11253
-9271,0,0,0,0,0,0,0,0,0,11253
-9271,0,0,0,0,0,0,0,0,0,11253
-9271,0,0,0,0,0,0,0,0,0,11253
-9271,0,0,0,0,0,0,0,0,0,11253
-9271,0,0,0,0,0,0,0,0,0,11253
-9271,0,0,0,0,0,0,0,0,0,11253
-9271,0,0,0,0,0,0,0,0,0,11253
-9271,0,0,0,0,0,0,0,0,0,11253
-9271,0,0,0,0,0,0,0,0,0,11253
-9271,0,0,0,0,0,0,0,0,0,11253
-9271,0,0,0,0,0,0,0,0,0,11253
-9271,0,0,0,0,0,0,0,0,0,11253
-9271,0,0,0,0,0,0,0,0,0,11253
-9271,0,0,0,0,0,0,0,0,0,11253
-9271,0,0,0,0,0,0,0,0,0,11253
-9271,0,0,0,0,0,0,0,0,0,11253
-9271,0,0,0,0,0,0,0,0,0,11253
-9271,0,0,0,0,0,0,0,0,0,11253
-9271,0,0,0,0,0,0,0,0,0,11253
-9271,0,0,0,0,0,0,0,0,0,11253
-9271,0,0,0,0,0,0,0,0,0,11253
-9271,0,0,0,0,0,0,0,0,0,11253
-9271,0,0,0,0,0,0,0,0,0,11253
-9271,0,0,0,0,0,0,0,0,0,11253
-9271,0,0,0,0,0,0,0,0,0,11253
-9271,0,0,0,0,0,0,0,0,0,11253
-9271,0,0,0,0,0,0,0,0,0,11253
-9271,0,0,0,0,0,0,0,0,0,11253
-9271,0,0,0,0,0,0,0,0,0,11253
-9271,0,0,0,0,0,0,0,0,0,11253
-9271,0,0,0,0,0,0,0,0,0,11253
-9271,0,0,0,0,0,0,0,0,0,11253
-9271,0,0,0,0,0,0,0,0,0,11253
-9271,0,0,0,0,0,0,0,0,0,11253
-9271,0,0,0,0,0,0,0,0,0,11253
-9271,0,0,0,0,0,0,0,0,0,11253
-9271,0,0,0,0,0,0,0,0,0,11253
-9271,0,0,0,0,0,0,0,0,0,11253
-9271,0,0,0,0,0,0,0,0,0,11253
-9271,0,0,0,0,0,0,0,0,0,11253
-9271,0,0,0,0,0,0,0,0,0,11253
-9271,0,0,0,0,0,0,0,0,0,11253
-9271,0,0,0,0,0,0,0,0,0,11253
-9271,0,0,0,0,0,0,0,0,0,11253
-9271,0,0,0,0,0,0,0,0,0,11253
-9271,0,0,0,0,0,0,0,0,0,11253
-9271,0,0,0,0,0,0,0,0,0,11253
-9271,0,0,0,0,0,0,0,0,0,11253
-9271,0,0,0,0,0,0,0,0,0,11253
-9271,0,0,0,0,0,0,0,0,0,11253
-9271,0,0,0,0,0,0,0,0,0,11253
-9271,0,0,0,0,0,0,0,0,0,11253
-9271,0,0,0,0,0,0,0,0,0,11253
-9271,0,0,0,0,0,0,0,0,0,11253
-9271,0,0,0,0,0,0,0,0,0,11253
-9271,0,0,0,0,0,0,0,0,0,11253
-9271,0,0,0,0,0,0,0,0,0,11253
-9271,0,0,0,0,0,0,0,0,0,11253
-9271,0,0,0,0,0,0,0,0,0,11253
-9271,0,0,0,0,0,0,0,0,0,11253
-9271,0,0,0,0,0,0,0,0,0,11253
-9271,0,0,0,0,0,0,0,0,0,11253
-9271,0,0,0,0,0,0,0,0,0,11253
-9271,0,0,0,0,0,0,0,0,0,11253
-9271,0,0,0,0,0,0,0,0,0,11253
-9271,0,0,0,0,0,0,0,0,0,11253
-9271,0,0,0,0,0,0,0,0,0,11253
-9271,0,0,0,0,0,0,0,0,0,11253
-9271,0,0,0,0,0,0,0,0,0,11253
-9271,0,0,0,0,0,0,0,0,0,11253
-9271,0,0,0,0,0,0,0,0,0,11253
-9271,0,0,0,0,0,0,0,0,0,11253
-9271,0,0,0,0,0,0,0,0,0,11253
-9271,0,0,0,0,0,0,0,0,0,11253
-9271,0,0,0,0,0,0,0,0,0,11253
-9271,0,0,0,0,0,0,0,0,0,11253
-9271,0,0,0,0,0,0,0,0,0,11253
-9271,0,0,0,0,0,0,0,0,0,11253
-9271,0,0,0,0,0,0,0,0,0,11253
-9573,0,0,0,0,0,0,0,0,0,11196
-9271,0,0,0,0,0,0,0,0,0,11253
-9271,0,0,0,0,0,0,0,0,0,11253
-9271,0,0,0,0,0,0,0,0,0,11253
-9271,0,0,0,0,0,0,0,0,0,11253
-9271,0,0,0,0,0,0,0,0,0,11253
-9271,0,0,0,0,0,0,0,0,0,11253
-9271,0,0,0,0,0,0,0,0,0,11253
-9271,0,0,0,0,0,0,0,0,0,11253
-9271,0,0,0,0,0,0,0,0,0,11253
-9271,0,0,0,0,0,0,0,0,0,11253
-9271,0,0,0,0,0,0,0,0,0,11253
-9271,0,0,0,0,0,0,0,0,0,11253
-9271,0,0,0,0,0,0,0,0,0,11253
-9271,0,0,0,0,0,0,0,0,0,11253
-9271,0,0,0,0,0,0,0,0,0,11253
-9271,0,0,0,0,0,0,0,0,0,11253
-9271,0,0,0,0,0,0,0,0,0,11253
-9271,0,0,0,0,0,0,0,0,0,11253
-9271,0,0,0,0,0,0,0,0,0,11253
-9271,0,0,0,0,0,0,0,0,0,11253
-9271,0,0,0,0,0,0,0,0,0,11253
-9271,0,0,0,0,0,0,0,0,0,11253
-9271,0,0,0,0,0,0,0,0,0,11253
-9271,0,0,0,0,0,0,0,0,0,11253
-9271,0,0,0,0,0,0,0,0,0,11253
-9271,0,0,0,0,0,0,0,0,0,11253
-9271,0,0,0,0,0,0,0,0,0,11253
-9271,0,0,0,0,0,0,0,0,0,11253
-9271,0,0,0,0,0,0,0,0,0,11253
-9271,0,0,0,0,0,0,0,0,0,11253
-9271,0,0,0,0,0,0,0,0,0,11253
-9271,0,0,0,0,0,0,0,0,0,11253
-9271,0,0,0,0,0,0,0,0,0,11253
-9271,0,0,0,0,0,0,0,0,0,11253
-9271,0,0,0,0,0,0,0,0,0,11253
-9271,0,0,0,0,0,0,0,0,0,11253
-9271,0,0,0,0,0,0,0,0,0,11253
-9271,0,0,0,0,0,0,0,0,0,11253
-9271,0,0,0,0,0,0,0,0,0,11253
-9271,0,0,0,0,0,0,0,0,0,11253
-9271,0,0,0,0,0,0,0,0,0,11253
-9271,0,0,0,0,0,0,0,0,0,11253
-9271,0,0,0,0,0,0,0,0,0,11253
-9271,0,0,0,0,0,0,0,0,0,11253
-9271,0,0,0,0,0,0,0,0,0,11253
-9271,0,0,0,0,0,0,0,0,0,11253
-9271,0,0,0,0,0,0,0,0,0,11253
-9271,0,0,0,0,0,0,0,0,0,11253
-9271,0,0,0,0,0,0,0,0,0,11253
21486,0,0,0,3,0,0,0,0,0,1
-20534,0,0,0,0,0,0,0,0,0,10112
15301,0,0,0,2,0,0,0,0,0,5876
-9375,0,0,0,0,0,0,0,0,0,11181
-9271,0,0,0,0,0,0,0,0,0,11253
-9271,0,0,0,0,0,0,0,0,0,11253
-9271,0,0,0,0,0,0,0,0,0,11253
-9271,0,0,0,0,0,0,0,0,0,11253
-9271,0,0,0,0,0,0,0,0,0,11253
3077,0,0,0,8,0,0,0,0,0,1
0,0,0,0,11,0,0,0,0,0,0
863,0,0,0,9,0,0,0,0,0,1886
-19500,0,0,0,1,0,0,0,0,0,1
0,0,0,0,11,0,0,0,0,0,0
0,0,0,0,11,0,0,0,0,0,0
0,0,0,0,11,0,0,0,0,0,0
0,0,0,0,11,0,0,0,0,0,0
0,0,0,0,11,0,0,0,0,0,0
0,0,0,0,11,0,0,0,0,0,0
0,0,0,0,11,0,0,0,0,0,0
0,0,0,0,11,0,0,0,0,0,0
-11361,0,0,0,0,0,0,0,0,0,11044
-9271,0,0,0,0,0,0,0,0,0,11253
-9271,0,0,0,0,0,0,0,0,0,11253
-9271,0,0,0,0,0,0,0,0,0,11253
-9271,0,0,0,0,0,0,0,0,0,11253
-9271,0,0,0,0,0,0,0,0,0,11253
-9271,0,0,0,0,0,0,0,0,0,11253
-9271,0,0,0,0,0,0,0,0,0,11253
-9271,0,0,0,0,0,0,0,0,0,11253
-9271,0,0,0,0,0,0,0,0,0,11253
-9271,0,0,0,0,0,0,0,0,0,11253
-9271,0,0,0,0,0,0,0,0,0,11253
-9271,0,0,0,0,0,0,0,0,0,11253
-9271,0,0,0,0,0,0,0,0,0,11253
-9271,0,0,0,0,0,0,0,0,0,11253
-9271,0,0,0,0,0,0,0,0,0,11253
-9271,0,0,0,0,0,0,0,0,0,11253
-9271,0,0,0,0,0,0,0,0,0,11253
-9271,0,0,0,0,0,0,0,0,0,11253
-9271,0,0,0,0,0,0,0,0,0,11253
-9271,0,0,0,0,0,0,0,0,0,11253
-9271,0,0,0,0,0,0,0,0,0,11253
-9271,0,0,0,0,0,0,0,0,0,11253
-9271,0,0,0,0,0,0,0,0,0,11253
-9271,0,0,0,0,0,0,0,0,0,11253
-9271,0,0,0,0,0,0,0,0,0,11253
-9271,0,0,0,0,0,0,0,0,0,11253
-28706,0,0,0,2,0,0,0,0,0,1
3708,0,0,0,1,0,0,0,0,0,927
0,0,0,0,0,0,0,0,0,0,0
24087,0,0,0,0,0,0,0,0,0,3861
0,0,0,0,0,0,0,0,0,0,0
0,0,0,0,0,0,0,0,0,0,0
2901,0,0,0,0,0,0,0,0,0,967
-32504,0,0,0,0,0,0,0,0,0,4861
0,0,0,0,0,0,0,0,0,0,0
0,0,0,0,0,0,0,0,0,0,0
939,0,0,0,0,0,0,0,0,0,1962
-9271,0,0,0,0,0,0,0,0,0,11253
-9271,0,0,0,0,0,0,0,0,0,11253
-9271,0,0,0,0,0,0,0,0,0,11253
-9271,0,0,0,0,0,0,0,0,0,11253
-9271,0,0,0,0,0,0,0,0,0,11253
-9271,0,0,0,0,0,0,0,0,0,11253
-9271,0,0,0,0,0,0,0,0,0,11253
-9271,0,0,0,0,0,0,0,0,0,11253
-9271,0,0,0,0,0,0,0,0,0,11253
-9271,0,0,0,0,0,0,0,0,0,11253
-9271,0,0,0,0,0,0,0,0,0,11253
-9271,0,0,0,0,0,0,0,0,0,11253
-9271,0,0,0,0,0,0,0,0,0,11253
-9271,0,0,0,0,0,0,0,0,0,11253
-9271,0,0,0,0,0,0,0,0,0,11253
-9271,0,0,0,0,0,0,0,0,0,11253
-9271,0,0,0,0,0,0,0,0,0,11253
-9271,0,0,0,0,0,0,0,0,0,11253
-9271,0,0,0,0,0,0,0,0,0,11253
-9271,0,0,0,0,0,0,0,0,0,11253
-9271,0,0,0,0,0,0,0,0,0,11253
-9271,0,0,0,0,0,0,0,0,0,11253
-9271,0,0,0,0,0,0,0,0,0,11253
-9271,0,0,0,0,0,0,0,0,0,11253
-9271,0,0,0,0,0,0,0,0,0,11253
-9271,0,0,0,0,0,0,0,0,0,11253
-9271,0,0,0,0,0,0,0,0,0,11253
-9271,0,0,0,0,0,0,0,0,0,11253
-9271,0,0,0,0,0,0,0,0,0,11253
-9271,0,0,0,0,0,0,0,0,0,11253
-9271,0,0,0,0,0,0,0,0,0,11253
-9271,0,0,0,0,0,0,0,0,0,11253
-9271,0,0,0,0,0,0,0,0,0,11253
3077,0,0,0,8,0,0,0,0,0,1
767,0,0,0,9,0,0,0,0,0,1790
-9271,0,0,0,0,0,0,0,0,0,11253
15350,0,0,0,5,0,0,0,0,0,1
0,0,0,0,11,0,0,0,0,0,0
0,0,0,0,11,0,0,0,0,0,0
0,0,0,0,11,0,0,0,0,0,0
0,0,0,0,11,0,0,0,0,0,0
0,0,0,0,11,0,0,0,0,0,0
0,0,0,0,11,0,0,0,0,0,0
0,0,0,0,11,0,0,0,0,0,0
0,0,0,0,11,0,0,0,0,0,0
0,0,0,0,11,0,0,0,0,0,0
0,0,0,0,11,0,0,0,0,0,0
0,0,0,0,11,0,0,0,0,0,0
0,0,0,0,11,0,0,0,0,0,0
0,0,0,0,11,0,0,0,0,0,0
0,0,0,0,11,0,0,0,0,0,0
0,0,0,0,11,0,0,0,0,0,0
0,0,0,0,11,0,0,0,0,0,0
0,0,0,0,11,0,0,0,0,0,0
0,0,0,0,11,0,0,0,0,0,0
0,0,0,0,11,0,0,0,0,0,0
0,0,0,0,11,0,0,0,0,0,0
0,0,0,0,11,0,0,0,0,0,0
0,0,0,0,11,0,0,0,0,0,0
0,0,0,0,11,0,0,0,0,0,0
0,0,0,0,11,0,0,0,0,0,0
0,0,0,0,11,0,0,0,0,0,0
19941,0,0,0,4,0,0,0,0,0,6904
-9271,0,0,0,0,0,0,0,0,0,11253
-9271,0,0,0,0,0,0,0,0,0,11253
-9271,0,0,0,0,0,0,0,0,0,11253
-9271,0,0,0,0,0,0,0,0,0,11253
-9271,0,0,0,0,0,0,0,0,0,11253
-9271,0,0,0,0,0,0,0,0,0,11253
-9271,0,0,0,0,0,0,0,0,0,11253
-9271,0,0,0,0,0,0,0,0,0,11253
-9271,0,0,0,0,0,0,0,0,0,11253
-9271,0,0,0,0,0,0,0,0,0,11253
-9271,0,0,0,0,0,0,0,0,0,11253
-9271,0,0,0,0,0,0,0,0,0,11253
-9271,0,0,0,0,0,0,0,0,0,11253
-9271,0,0,0,0,0,0,0,0,0,11253
-9271,0,0,0,0,0,0,0,0,0,11253
-9271,0,0,0,0,0,0,0,0,0,11253
-9271,0,0,0,0,0,0,0,0,0,11253
-9271,0,0,0,0,0,0,0,0,0,11253
-9271,0,0,0,0,0,0,0,0,0,11253
-9271,0,0,0,0,0,0,0,0,0,11253
-9271,0,0,0,0,0,0,0,0,0,11253
-9271,0,0,0,0,0,0,0,0,0,11253
-9271,0,0,0,0,0,0,0,0,0,11253
-9271,0,0,0,0,0,0,0,0,0,11253
-9271,0,0,0,0,0,0,0,0,0,11253
-9271,0,0,0,0,0,0,0,0,0,11253
-9271,0,0,0,0,0,0,0,0,0,11253
-9271,0,0,0,0,0,0,0,0,0,11253
-9271,0,0,0,0,0,0,0,0,0,11253
-9271,0,0,0,0,0,0,0,0,0,11253
-9271,0,0,0,0,0,0,0,0,0,11253
-9271,0,0,0,0,0,0,0,0,0,11253
-9271,0,0,0,0,0,0,0,0,0,11253
-9271,0,0,0,0,0,0,0,0,0,11253
-9271,0,0,0,0,0,0,0,0,0,11253
-9271,0,0,0,0,0,0,0,0,0,11253
-9271,0,0,0,0,0,0,0,0,0,11253
-9271,0,0,0,0,0,0,0,0,0,11253
-9271,0,0,0,0,0,0,0,0,0,11253
-9271,0,0,0,0,0,0,0,0,0,11253
-9271,0,0,0,0,0,0,0,0,0,11253
-9271,0,0,0,0,0,0,0,0,0,11253
-9271,0,0,0,0,0,0,0,0,0,11253
-9271,0,0,0,0,0,0,0,0,0,11253
-9271,0,0,0,0,0,0,0,0,0,11253
-9271,0,0,0,0,0,0,0,0,0,11253
-9271,0,0,0,0,0,0,0,0,0,11253
-9271,0,0,0,0,0,0,0,0,0,11253
-9271,0,0,0,0,0,0,0,0,0,11253
-9271,0,0,0,0,0,0,0,0,0,11253
-9271,0,0,0,0,0,0,0,0,0,11253
-9271,0,0,0,0,0,0,0,0,0,11253
-9271,0,0,0,0,0,0,0,0,0,11253
-9271,0,0,0,0,0,0,0,0,0,11253
-9271,0,0,0,0,0,0,0,0,0,11253
-9271,0,0,0,0,0,0,0,0,0,11253
-9271,0,0,0,0,0,0,0,0,0,11253
-9271,0,0,0,0,0,0,0,0,0,11253
-9271,0,0,0,0,0,0,0,0,0,11253
-9271,0,0,0,0,0,0,0,0,0,11253
-9271,0,0,0,0,0,0,0,0,0,11253
-9271,0,0,0,0,0,0,0,0,0,11253
-9271,0,0,0,0,0,0,0,0,0,11253
-9271,0,0,0,0,0,0,0,0,0,11253
-9271,0,0,0,0,0,0,0,0,0,11253
-9271,0,0,0,0,0,0,0,0,0,11253
-9271,0,0,0,0,0,0,0,0,0,11253
-9271,0,0,0,0,0,0,0,0,0,11253
-9271,0,0,0,0,0,0,0,0,0,11253
-9271,0,0,0,0,0,0,0,0,0,11253
-9271,0,0,0,0,0,0,0,0,0,11253
-9271,0,0,0,0,0,0,0,0,0,11253
-9271,0,0,0,0,0,0,0,0,0,11253
-9271,0,0,0,0,0,0,0,0,0,11253
-9271,0,0,0,0,0,0,0,0,0,11253
-9271,0,0,0,0,0,0,0,0,0,11253
-9271,0,0,0,0,0,0,0,0,0,11253
-9271,0,0,0,0,0,0,0,0,0,11253
-9271,0,0,0,0,0,0,0,0,0,11253
-9271,0,0,0,0,0,0,0,0,0,11253
-9271,0,0,0,0,0,0,0,0,0,11253
-9271,0,0,0,0,0,0,0,0,0,11253
-9271,0,0,0,0,0,0,0,0,0,11253
-9271,0,0,0,0,0,0,0,0,0,11253
-9271,0,0,0,0,0,0,0,0,0,11253
-9271,0,0,0,0,0,0,0,0,0,11253
-9271,0,0,0,0,0,0,0,0,0,11253
-9271,0,0,0,0,0,0,0,0,0,11253
-9271,0,0,0,0,0,0,0,0,0,11253
-9271,0,0,0,0,0,0,0,0,0,11253
-9271,0,0,0,0,0,0,0,0,0,11253
-9271,0,0,0,0,0,0,0,0,0,11253
-9271,0,0,0,0,0,0,0,0,0,11253
-9271,0,0,0,0,0,0,0,0,0,11253
-9271,0,0,0,0,0,0,0,0,0,11253
-9271,0,0,0,0,0,0,0,0,0,11253
-9271,0,0,0,0,0,0,0,0,0,11253
-9271,0,0,0,0,0,0,0,0,0,11253
-9271,0,0,0,0,0,0,0,0,0,11253
-9271,0,0,0,0,0,0,0,0,0,11253
-9271,0,0,0,0,0,0,0,0,0,11253
-9271,0,0,0,0,0,0,0,0,0,11253
-9271,0,0,0,0,0,0,0,0,0,11253
-9271,0,0,0,0,0,0,0,0,0,11253
-9271,0,0,0,0,0,0,0,0,0,11253
-9271,0,0,0,0,0,0,0,0,0,11253
-9271,0,0,0,0,0,0,0,0,0,11253
-9271,0,0,0,0,0,0,0,0,0,11253
-9271,0,0,0,0,0,0,0,0,0,11253
-9271,0,0,0,0,0,0,0,0,0,11253
-9271,0,0,0,0,0,0,0,0,0,11253
-9271,0,0,0,0,0,0,0,0,0,11253
-9271,0,0,0,0,0,0,0,0,0,11253
-9271,0,0,0,0,0,0,0,0,0,11253
-9271,0,0,0,0,0,0,0,0,0,11253
-9271,0,0,0,0,0,0,0,0,0,11253
-9271,0,0,0,0,0,0,0,0,0,11253
-9271,0,0,0,0,0,0,0,0,0,11253
-9271,0,0,0,0,0,0,0,0,0,11253
-9271,0,0,0,0,0,0,0,0,0,11253
-9271,0,0,0,0,0,0,0,0,0,11253
-9271,0,0,0,0,0,0,0,0,0,11253
-9271,0,0,0,0,0,0,0,0,0,11253
-9271,0,0,0,0,0,0,0,0,0,11253
-9271,0,0,0,0,0,0,0,0,0,11253
-9271,0,0,0,0,0,0,0,0,0,11253
-9271,0,0,0,0,0,0,0,0,0,11253
-9271,0,0,0,0,0,0,0,0,0,11253
-9271,0,0,0,0,0,0,0,0,0,11253
-9271,0,0,0,0,0,0,0,0,0,11253
-9271,0,0,0,0,0,0,0,0,0,11253
-9271,0,0,0,0,0,0,0,0,0,11253
-9271,0,0,0,0,0,0,0,0,0,11253
-9271,0,0,0,0,0,0,0,0,0,11253
-9271,0,0,0,0,0,0,0,0,0,11253
-9271,0,0,0,0,0,0,0,0,0,11253
-9271,0,0,0,0,0,0,0,0,0,11253
-9271,0,0,0,0,0,0,0,0,0,11253
-9271,0,0,0,0,0,0,0,0,0,11253
-9271,0,0,0,0,0,0,0,0,0,11253
-9271,0,0,0,0,0,0,0,0,0,11253
-9271,0,0,0,0,0,0,0,0,0,11253
-9271,0,0,0,0,0,0,0,0,0,11253
-9271,0,0,0,0,0,0,0,0,0,11253
-9271,0,0,0,0,0,0,0,0,0,11253
23941,0,0,0,1,0,0,0,0,0,2763
-9271,0,0,0,0,0,0,0,0,0,11253
-9271,0,0,0,0,0,0,0,0,0,11253
-9271,0,0,0,0,0,0,0,0,0,11253
-9271,0,0,0,0,0,0,0,0,0,11253
-9271,0,0,0,0,0,0,0,0,0,11253
-9271,0,0,0,0,0,0,0,0,0,11253
-9271,0,0,0,0,0,0,0,0,0,11253
-9271,0,0,0,0,0,0,0,0,0,11253
-9271,0,0,0,0,0,0,0,0,0,11253
-9271,0,0,0,0,0,0,0,0,0,11253
-9271,0,0,0,0,0,0,0,0,0,11253
-9271,0,0,0,0,0,0,0,0,0,11253
-9271,0,0,0,0,0,0,0,0,0,11253
-9271,0,0,0,0,0,0,0,0,0,11253
-9271,0,0,0,0,0,0,0,0,0,11253
-9271,0,0,0,0,0,0,0,0,0,11253
-9271,0,0,0,0,0,0,0,0,0,11253
-9271,0,0,0,0,0,0,0,0,0,11253
-9271,0,0,0,0,0,0,0,0,0,11253
-9271,0,0,0,0,0,0,0,0,0,11253
-9271,0,0,0,0,0,0,0,0,0,11253
-9271,0,0,0,0,0,0,0,0,0,11253
-9271,0,0,0,0,0,0,0,0,0,11253
-9271,0,0,0,0,0,0,0,0,0,11253
-9271,0,0,0,0,0,0,0,0,0,11253
-9271,0,0,0,0,0,0,0,0,0,11253
-9271,0,0,0,0,0,0,0,0,0,11253
-9271,0,0,0,0,0,0,0,0,0,11253
-9271,0,0,0,0,0,0,0,0,0,11253
-9271,0,0,0,0,0,0,0,0,0,11253
-9271,0,0,0,0,0,0,0,0,0,11253
-9271,0,0,0,0,0,0,0,0,0,11253
-9271,0,0,0,0,0,0,0,0,0,11253
-9271,0,0,0,0,0,0,0,0,0,11253
-9271,0,0,0,0,0,0,0,0,0,11253
-9271,0,0,0,0,0,0,0,0,0,11253
-9271,0,0,0,0,0,0,0,0,0,11253
-9271,0,0,0,0,0,0,0,0,0,11253
-9271,0,0,0,0,0,0,0,0,0,11253
-9271,0,0,0,0,0,0,0,0,0,11253
-9271,0,0,0,0,0,0,0,0,0,11253
-9271,0,0,0,0,0,0,0,0,0,11253
-9271,0,0,0,0,0,0,0,0,0,11253
-9271,0,0,0,0,0,0,0,0,0,11253
-9271,0,0,0,0,0,0,0,0,0,11253
-9271,0,0,0,0,0,0,0,0,0,11253
-9271,0,0,0,0,0,0,0,0,0,11253
-9271,0,0,0,0,0,0,0,0,0,11253
-9271,0,0,0,0,0,0,0,0,0,11253
-9271,0,0,0,0,0,0,0,0,0,11253
-9271,0,0,0,0,0,0,0,0,0,11253
-9271,0,0,0,0,0,0,0,0,0,11253
-9271,0,0,0,0,0,0,0,0,0,11253
-9271,0,0,0,0,0,0,0,0,0,11253
-9271,0,0,0,0,0,0,0,0,0,11253
-9271,0,0,0,0,0,0,0,0,0,11253
-9271,0,0,0,0,0,0,0,0,0,11253
-9271,0,0,0,0,0,0,0,0,0,11253
-9271,0,0,0,0,0,0,0,0,0,11253
-9271,0,0,0,0,0,0,0,0,0,11253
-9271,0,0,0,0,0,0,0,0,0,11253
-9271,0,0,0,0,0,0,0,0,0,11253
-9271,0,0,0,0,0,0,0,0,0,11253
-9271,0,0,0,0,0,0,0,0,0,11253
-9271,0,0,0,0,0,0,0,0,0,11253
-9271,0,0,0,0,0,0,0,0,0,11253
-9271,0,0,0,0,0,0,0,0,0,11253
-9271,0,0,0,0,0,0,0,0,0,11253
-9271,0,0,0,0,0,0,0,0,0,11253
-9271,0,0,0,0,0,0,0,0,0,11253
-9271,0,0,0,0,0,0,0,0,0,11253
-9271,0,0,0,0,0,0,0,0,0,11253
8251,0,0,0,4,0,0,0,0,0,3772
-9271,0,0,0,0,0,0,0,0,0,11253
-9271,0,0,0,0,0,0,0,0,0,11253
-9271,0,0,0,0,0,0,0,0,0,11253
-9271,0,0,0,0,0,0,0,0,0,11253
-9271,0,0,0,0,0,0,0,0,0,11253
-9271,0,0,0,0,0,0,0,0,0,11253
-9271,0,0,0,0,0,0,0,0,0,11253
-9271,0,0,0,0,0,0,0,0,0,11253
-9271,0,0,0,0,0,0,0,0,0,11253
-9271,0,0,0,0,0,0,0,0,0,11253
-9271,0,0,0,0,0,0,0,0,0,11253
-9271,0,0,0,0,0,0,0,0,0,11253
-9271,0,0,0,0,0,0,0,0,0,11253
-9271,0,0,0,0,0,0,0,0,0,11253
-9271,0,0,0,0,0,0,0,0,0,11253
-9271,0,0,0,0,0,0,0,0,0,11253
-9271,0,0,0,0,0,0,0,0,0,11253
-9271,0,0,0,0,0,0,0,0,0,11253
-9271,0,0,0,0,0,0,0,0,0,11253
-9271,0,0,0,0,0,0,0,0,0,11253
-9271,0,0,0,0,0,0,0,0,0,11253
-9271,0,0,0,0,0,0,0,0,0,11253
-9271,0,0,0,0,0,0,0,0,0,11253
-9271,0,0,0,0,0,0,0,0,0,11253
-9271,0,0,0,0,0,0,0,0,0,11253
-9284,0,0,0,0,0,0,0,0,0,11240
-9271,0,0,0,0,0,0,0,0,0,11253
-9271,0,0,0,0,0,0,0,0,0,11253
-9271,0,0,0,0,0,0,0,0,0,11253
-9271,0,0,0,0,0,0,0,0,0,11253
-9271,0,0,0,0,0,0,0,0,0,11253
-9271,0,0,0,0,0,0,0,0,0,11253
-9271,0,0,0,0,0,0,0,0,0,11253
-9271,0,0,0,0,0,0,0,0,0,11253
-9271,0,0,0,0,0,0,0,0,0,11253
-9271,0,0,0,0,0,0,0,0,0,11253
-9271,0,0,0,0,0,0,0,0,0,11253
-9271,0,0,0,0,0,0,0,0,0,11253
-9271,0,0,0,0,0,0,0,0,0,11253
-9271,0,0,0,0,0,0,0,0,0,11253
-9271,0,0,0,0,0,0,0,0,0,11253
-9271,0,0,0,0,0,0,0,0,0,11253
-9271,0,0,0,0,0,0,0,0,0,11253
-9271,0,0,0,0,0,0,0,0,0,11253
-9271,0,0,0,0,0,0,0,0,0,11253
-9271,0,0,0,0,0,0,0,0,0,11253
-9271,0,0,0,0,0,0,0,0,0,11253
-9271,0,0,0,0,0,0,0,0,0,11253
-9271,0,0,0,0,0,0,0,0,0,11253
-9271,0,0,0,0,0,0,0,0,0,11253
-9271,0,0,0,0,0,0,0,0,0,11253
-9271,0,0,0,0,0,0,0,0,0,11253
-9271,0,0,0,0,0,0,0,0,0,11253
-9271,0,0,0,0,0,0,0,0,0,11253
-9271,0,0,0,0,0,0,0,0,0,11253
-9271,0,0,0,0,0,0,0,0,0,11253
-9271,0,0,0,0,0,0,0,0,0,11253
-9271,0,0,0,0,0,0,0,0,0,11253
-9271,0,0,0,0,0,0,0,0,0,11253
21461,0,0,0,4,0,0,0,0,0,1
0,0,0,0,10,0,0,0,0,0,0
10,0,0,0,10,0,0,0,0,0,1
19707,0,0,0,4,0,0,0,0,0,6865
21487,0,0,0,4,0,0,0,0,0,1
-22453,0,0,0,1,0,0,0,0,0,9902
-9271,0,0,0,0,0,0,0,0,0,11253
-9271,0,0,0,0,0,0,0,0,0,11253
-9271,0,0,0,0,0,0,0,0,0,11253
-9271,0,0,0,0,0,0,0,0,0,11253
-9271,0,0,0,0,0,0,0,0,0,11253
-9271,0,0,0,0,0,0,0,0,0,11253
-9271,0,0,0,0,0,0,0,0,0,11253
-9271,0,0,0,0,0,0,0,0,0,11253
-9271,0,0,0,0,0,0,0,0,0,11253
-9271,0,0,0,0,0,0,0,0,0,11253
-9271,0,0,0,0,0,0,0,0,0,11253
-9271,0,0,0,0,0,0,0,0,0,11253
-9271,0,0,0,0,0,0,0,0,0,11253
-9271,0,0,0,0,0,0,0,0,0,11253
-9271,0,0,0,0,0,0,0,0,0,11253
-9271,0,0,0,0,0,0,0,0,0,11253
-9271,0,0,0,0,0,0,0,0,0,11253
-9271,0,0,0,0,0,0,0,0,0,11253
-9271,0,0,0,0,0,0,0,0,0,11253
-9271,0,0,0,0,0,0,0,0,0,11253
-9271,0,0,0,0,0,0,0,0,0,11253
-9271,0,0,0,0,0,0,0,0,0,11253
-9271,0,0,0,0,0,0,0,0,0,11253
-9271,0,0,0,0,0,0,0,0,0,11253
-9271,0,0,0,0,0,0,0,0,0,11253
-9271,0,0,0,0,0,0,0,0,0,11253
-9271,0,0,0,0,0,0,0,0,0,11253
-9271,0,0,0,0,0,0,0,0,0,11253
-9271,0,0,0,0,0,0,0,0,0,11253
-9271,0,0,0,0,0,0,0,0,0,11253
-9271,0,0,0,0,0,0,0,0,0,11253
-9271,0,0,0,0,0,0,0,0,0,11253
-9271,0,0,0,0,0,0,0,0,0,11253
-9271,0,0,0,0,0,0,0,0,0,11253
11144,0,0,0,3,0,0,0,0,0,1
4,0,0,0,10,0,0,0,0,0,1
0,0,0,0,11,0,0,0,0,0,0
0,0,0,0,11,0,0,0,0,0,0
0,0,0,0,11,0,0,0,0,0,0
0,0,0,0,11,0,0,0,0,0,0
0,0,0,0,11,0,0,0,0,0,0
0,0,0,0,9,0,0,0,0,0,0
9,0,0,0,9,0,0,0,0,0,1
0,0,0,0,11,0,0,0,0,0,0
0,0,0,0,10,0,0,0,0,0,0
0,0,0,0,11,0,0,0,0,0,0
-31492,0,0,0,2,0,0,0,0,0,8859
-9271,0,0,0,0,0,0,0,0,0,11253
-9271,0,0,0,0,0,0,0,0,0,11253
-9271,0,0,0,0,0,0,0,0,0,11253
-9271,0,0,0,0,0,0,0,0,0,11253
-9271,0,0,0,0,0,0,0,0,0,11253
-9271,0,0,0,0,0,0,0,0,0,11253
-9271,0,0,0,0,0,0,0,0,0,11253
-9271,0,0,0,0,0,0,0,0,0,11253
-9271,0,0,0,0,0,0,0,0,0,11253
-9271,0,0,0,0,0,0,0,0,0,11253
-9271,0,0,0,0,0,0,0,0,0,11253
-22740,0,0,0,1,0,0,0,0,0,9870
-9271,0,0,0,0,0,0,0,0,0,11253
-9271,0,0,0,0,0,0,0,0,0,11253
-9271,0,0,0,0,0,0,0,0,0,11253
-9271,0,0,0,0,0,0,0,0,0,11253
-9271,0,0,0,0,0,0,0,0,0,11253
-9271,0,0,0,0,0,0,0,0,0,11253
-9271,0,0,0,0,0,0,0,0,0,11253
-9271,0,0,0,0,0,0,0,0,0,11253
-9271,0,0,0,0,0,0,0,0,0,11253
-9271,0,0,0,0,0,0,0,0,0,11253
-9271,0,0,0,0,0,0,0,0,0,11253
-9271,0,0,0,0,0,0,0,0,0,11253
-9271,0,0,0,0,0,0,0,0,0,11253
-9271,0,0,0,0,0,0,0,0,0,11253
-9271,0,0,0,0,0,0,0,0,0,11253
29382,0,0,0,1,0,0,0,0,0,1760
21487,0,0,0,4,0,0,0,0,0,1
14046,0,0,0,4,0,0,0,0,0,5878
17822,0,0,0,2,0,0,0,0,0,2772
-9271,0,0,0,0,0,0,0,0,0,11253
-9271,0,0,0,0,0,0,0,0,0,11253
-9271,0,0,0,0,0,0,0,0,0,11253
-9271,0,0,0,0,0,0,0,0,0,11253
-9271,0,0,0,0,0,0,0,0,0,11253
-9271,0,0,0,0,0,0,0,0,0,11253
-9271,0,0,0,0,0,0,0,0,0,11253
-9271,0,0,0,0,0,0,0,0,0,11253
-9271,0,0,0,0,0,0,0,0,0,11253
15354,0,0,0,2,0,0,0,0,0,4861
-9271,0,0,0,0,0,0,0,0,0,11253
-9271,0,0,0,0,0,0,0,0,0,11253
-9271,0,0,0,0,0,0,0,0,0,11253
-9271,0,0,0,0,0,0,0,0,0,11253
-9271,0,0,0,0,0,0,0,0,0,11253
-9271,0,0,0,0,0,0,0,0,0,11253
-9271,0,0,0,0,0,0,0,0,0,11253
-9271,0,0,0,0,0,0,0,0,0,11253
-9271,0,0,0,0,0,0,0,0,0,11253
-9271,0,0,0,0,0,0,0,0,0,11253
-9271,0,0,0,0,0,0,0,0,0,11253
-9271,0,0,0,0,0,0,0,0,0,11253
-9271,0,0,0,0,0,0,0,0,0,11253
-9271,0,0,0,0,0,0,0,0,0,11253
-9271,0,0,0,0,0,0,0,0,0,11253
-9271,0,0,0,0,0,0,0,0,0,11253
-9271,0,0,0,0,0,0,0,0,0,11253
-9271,0,0,0,0,0,0,0,0,0,11253
-9425,0,0,0,0,0,0,0,0,0,11188
-9665,0,0,0,0,0,0,0,0,0,11191
-28758,0,0,0,1,0,0,0,0,0,969
-9271,0,0,0,0,0,0,0,0,0,11253
-9271,0,0,0,0,0,0,0,0,0,11253
-9271,0,0,0,0,0,0,0,0,0,11253
-20391,0,0,0,1,0,0,0,0,0,10131
-9271,0,0,0,0,0,0,0,0,0,11253
-9271,0,0,0,0,0,0,0,0,0,11253
-9271,0,0,0,0,0,0,0,0,0,11253
-9271,0,0,0,0,0,0,0,0,0,11253
-9271,0,0,0,0,0,0,0,0,0,11253
-9271,0,0,0,0,0,0,0,0,0,11253
-9271,0,0,0,0,0,0,0,0,0,11253
-9271,0,0,0,0,0,0,0,0,0,11253
-9271,0,0,0,0,0,0,0,0,0,11253
-9271,0,0,0,0,0,0,0,0,0,11253
-9271,0,0,0,0,0,0,0,0,0,11253
20728,0,0,0,1,0,0,0,0,0,3840
-9271,0,0,0,0,0,0,0,0,0,11253
-9271,0,0,0,0,0,0,0,0,0,11253
-9271,0,0,0,0,0,0,0,0,0,11253
-9271,0,0,0,0,0,0,0,0,0,11253
-9271,0,0,0,0,0,0,0,0,0,11253
-9271,0,0,0,0,0,0,0,0,0,11253
-9271,0,0,0,0,0,0,0,0,0,11253
-9271,0,0,0,0,0,0,0,0,0,11253
-9271,0,0,0,0,0,0,0,0,0,11253
-9271,0,0,0,0,0,0,0,0,0,11253
-9271,0,0,0,0,0,0,0,0,0,11253
-9271,0,0,0,0,0,0,0,0,0,11253
-9271,0,0,0,0,0,0,0,0,0,11253
-9271,0,0,0,0,0,0,0,0,0,11253
-9271,0,0,0,0,0,0,0,0,0,11253
-9271,0,0,0,0,0,0,0,0,0,11253
-9271,0,0,0,0,0,0,0,0,0,11253
-9271,0,0,0,0,0,0,0,0,0,11253
-9271,0,0,0,0,0,0,0,0,0,11253
-9271,0,0,0,0,0,0,0,0,0,11253
-9271,0,0,0,0,0,0,0,0,0,11253
-9271,0,0,0,0,0,0,0,0,0,11253
-9271,0,0,0,0,0,0,0,0,0,11253
-9271,0,0,0,0,0,0,0,0,0,11253
-9271,0,0,0,0,0,0,0,0,0,11253
-9271,0,0,0,0,0,0,0,0,0,11253
-9271,0,0,0,0,0,0,0,0,0,11253
-9271,0,0,0,0,0,0,0,0,0,11253
-9271,0,0,0,0,0,0,0,0,0,11253
-9271,0,0,0,0,0,0,0,0,0,11253
-9271,0,0,0,0,0,0,0,0,0,11253
-9271,0,0,0,0,0,0,0,0,0,11253
-9271,0,0,0,0,0,0,0,0,0,11253
-9271,0,0,0,0,0,0,0,0,0,11253
-9271,0,0,0,0,0,0,0,0,0,11253
-9271,0,0,0,0,0,0,0,0,0,11253
-9271,0,0,0,0,0,0,0,0,0,11253
-9271,0,0,0,0,0,0,0,0,0,11253
-9271,0,0,0,0,0,0,0,0,0,11253
-9271,0,0,0,0,0,0,0,0,0,11253
-9271,0,0,0,0,0,0,0,0,0,11253
-9271,0,0,0,0,0,0,0,0,0,11253
-9271,0,0,0,0,0,0,0,0,0,11253
-9271,0,0,0,0,0,0,0,0,0,11253
-9271,0,0,0,0,0,0,0,0,0,11253
-9271,0,0,0,0,0,0,0,0,0,11253
-9271,0,0,0,0,0,0,0,0,0,11253
-9271,0,0,0,0,0,0,0,0,0,11253
-9271,0,0,0,0,0,0,0,0,0,11253
-9271,0,0,0,0,0,0,0,0,0,11253
-9271,0,0,0,0,0,0,0,0,0,11253
-9271,0,0,0,0,0,0,0,0,0,11253
-9271,0,0,0,0,0,0,0,0,0,11253
-9271,0,0,0,0,0,0,0,0,0,11253
-9271,0,0,0,0,0,0,0,0,0,11253
-9271,0,0,0,0,0,0,0,0,0,11253
-9271,0,0,0,0,0,0,0,0,0,11253
-9271,0,0,0,0,0,0,0,0,0,11253
-9271,0,0,0,0,0,0,0,0,0,11253
-9271,0,0,0,0,0,0,0,0,0,11253
-9271,0,0,0,0,0,0,0,0,0,11253
-9271,0,0,0,0,0,0,0,0,0,11253
-9271,0,0,0,0,0,0,0,0,0,11253
-9271,0,0,0,0,0,0,0,0,0,11253
-9271,0,0,0,0,0,0,0,0,0,11253
-9271,0,0,0,0,0,0,0,0,0,11253
-9271,0,0,0,0,0,0,0,0,0,11253
-9271,0,0,0,0,0,0,0,0,0,11253
-9271,0,0,0,0,0,0,0,0,0,11253
-9271,0,0,0,0,0,0,0,0,0,11253
-9271,0,0,0,0,0,0,0,0,0,11253
-9271,0,0,0,0,0,0,0,0,0,11253
-9271,0,0,0,0,0,0,0,0,0,11253
-9271,0,0,0,0,0,0,0,0,0,11253
-9271,0,0,0,0,0,0,0,0,0,11253
-9271,0,0,0,0,0,0,0,0,0,11253
-9271,0,0,0,0,0,0,0,0,0,11253
-9271,0,0,0,0,0,0,0,0,0,11253
-9271,0,0,0,0,0,0,0,0,0,11253
-9271,0,0,0,0,0,0,0,0,0,11253
-9271,0,0,0,0,0,0,0,0,0,11253
-9271,0,0,0,0,0,0,0,0,0,11253
-9271,0,0,0,0,0,0,0,0,0,11253
-9271,0,0,0,0,0,0,0,0,0,11253
-9271,0,0,0,0,0,0,0,0,0,11253
-9271,0,0,0,0,0,0,0,0,0,11253
-9271,0,0,0,0,0,0,0,0,0,11253
-9271,0,0,0,0,0,0,0,0,0,11253
-9271,0,0,0,0,0,0,0,0,0,11253
-9271,0,0,0,0,0,0,0,0,0,11253
-9271,0,0,0,0,0,0,0,0,0,11253
-9271,0,0,0,0,0,0,0,0,0,11253
-9271,0,0,0,0,0,0,0,0,0,11253
-9271,0,0,0,0,0,0,0,0,0,11253
-9271,0,0,0,0,0,0,0,0,0,11253
-9271,0,0,0,0,0,0,0,0,0,11253
-9271,0,0,0,0,0,0,0,0,0,11253
-9271,0,0,0,0,0,0,0,0,0,11253
-9271,0,0,0,0,0,0,0,0,0,11253
-9271,0,0,0,0,0,0,0,0,0,11253
-9271,0,0,0,0,0,0,0,0,0,11253
-9271,0,0,0,0,0,0,0,0,0,11253
-9271,0,0,0,0,0,0,0,0,0,11253
-9271,0,0,0,0,0,0,0,0,0,11253
-9271,0,0,0,0,0,0,0,0,0,11253
-9271,0,0,0,0,0,0,0,0,0,11253
-9271,0,0,0,0,0,0,0,0,0,11253
-9271,0,0,0,0,0,0,0,0,0,11253
-9271,0,0,0,0,0,0,0,0,0,11253
-9271,0,0,0,0,0,0,0,0,0,11253
-9271,0,0,0,0,0,0,0,0,0,11253
-9271,0,0,0,0,0,0,0,0,0,11253
-9271,0,0,0,0,0,0,0,0,0,11253
-9271,0,0,0,0,0,0,0,0,0,11253
-9271,0,0,0,0,0,0,0,0,0,11253
-9271,0,0,0,0,0,0,0,0,0,11253
-9271,0,0,0,0,0,0,0,0,0,11253
-9271,0,0,0,0,0,0,0,0,0,11253
-9271,0,0,0,0,0,0,0,0,0,11253
-9271,0,0,0,0,0,0,0,0,0,11253
-9271,0,0,0,0,0,0,0,0,0,11253
-9271,0,0,0,0,0,0,0,0,0,11253
-9271,0,0,0,0,0,0,0,0,0,11253
-9271,0,0,0,0,0,0,0,0,0,11253
-9271,0,0,0,0,0,0,0,0,0,11253
-9271,0,0,0,0,0,0,0,0,0,11253
-9271,0,0,0,0,0,0,0,0,0,11253
-9271,0,0,0,0,0,0,0,0,0,11253
-9271,0,0,0,0,0,0,0,0,0,11253
-9271,0,0,0,0,0,0,0,0,0,11253
-9271,0,0,0,0,0,0,0,0,0,11253
-9271,0,0,0,0,0,0,0,0,0,11253
-9271,0,0,0,0,0,0,0,0,0,11253
-9271,0,0,0,0,0,0,0,0,0,11253
-9271,0,0,0,0,0,0,0,0,0,11253
-9271,0,0,0,0,0,0,0,0,0,11253
-9271,0,0,0,0,0,0,0,0,0,11253
-9271,0,0,0,0,0,0,0,0,0,11253
-9271,0,0,0,0,0,0,0,0,0,11253
-9271,0,0,0,0,0,0,0,0,0,11253
-9271,0,0,0,0,0,0,0,0,0,11253
-9271,0,0,0,0,0,0,0,0,0,11253
-9271,0,0,0,0,0,0,0,0,0,11253
-9271,0,0,0,0,0,0,0,0,0,11253
-9271,0,0,0,0,0,0,0,0,0,11253
-9271,0,0,0,0,0,0,0,0,0,11253
-9271,0,0,0,0,0,0,0,0,0,11253
-9271,0,0,0,0,0,0,0,0,0,11253
-9271,0,0,0,0,0,0,0,0,0,11253
-9271,0,0,0,0,0,0,0,0,0,11253
-9271,0,0,0,0,0,0,0,0,0,11253
-9271,0,0,0,0,0,0,0,0,0,11253
-9271,0,0,0,0,0,0,0,0,0,11253
-9271,0,0,0,0,0,0,0,0,0,11253
-9271,0,0,0,0,0,0,0,0,0,11253
-9271,0,0,0,0,0,0,0,0,0,11253
-9271,0,0,0,0,0,0,0,0,0,11253
-9271,0,0,0,0,0,0,0,0,0,11253
-9271,0,0,0,0,0,0,0,0,0,11253
-9271,0,0,0,0,0,0,0,0,0,11253
-9271,0,0,0,0,0,0,0,0,0,11253
-9271,0,0,0,0,0,0,0,0,0,11253
-9271,0,0,0,0,0,0,0,0,0,11253
-9271,0,0,0,0,0,0,0,0,0,11253
-9271,0,0,0,0,0,0,0,0,0,11253
-9271,0,0,0,0,0,0,0,0,0,11253
-9271,0,0,0,0,0,0,0,0,0,11253
-9271,0,0,0,0,0,0,0,0,0,11253
-9271,0,0,0,0,0,0,0,0,0,11253
-9271,0,0,0,0,0,0,0,0,0,11253
-9271,0,0,0,0,0,0,0,0,0,11253
-9271,0,0,0,0,0,0,0,0,0,11253
-9271,0,0,0,0,0,0,0,0,0,11253
-9271,0,0,0,0,0,0,0,0,0,11253
-9271,0,0,0,0,0,0,0,0,0,11253
-9271,0,0,0,0,0,0,0,0,0,11253
-9271,0,0,0,0,0,0,0,0,0,11253
-9271,0,0,0,0,0,0,0,0,0,11253
-9271,0,0,0,0,0,0,0,0,0,11253
-9271,0,0,0,0,0,0,0,0,0,11253
-9271,0,0,0,0,0,0,0,0,0,11253
-9271,0,0,0,0,0,0,0,0,0,11253
-9271,0,0,0,0,0,0,0,0,0,11253
-9271,0,0,0,0,0,0,0,0,0,11253
-9271,0,0,0,0,0,0,0,0,0,11253
-9271,0,0,0,0,0,0,0,0,0,11253
-9271,0,0,0,0,0,0,0,0,0,11253
-9271,0,0,0,0,0,0,0,0,0,11253
-9271,0,0,0,0,0,0,0,0,0,11253
-9271,0,0,0,0,0,0,0,0,0,11253
-9271,0,0,0,0,0,0,0,0,0,11253
-9271,0,0,0,0,0,0,0,0,0,11253
-9271,0,0,0,0,0,0,0,0,0,11253
-9271,0,0,0,0,0,0,0,0,0,11253
-9271,0,0,0,0,0,0,0,0,0,11253
-9271,0,0,0,0,0,0,0,0,0,11253
-9271,0,0,0,0,0,0,0,0,0,11253
-9271,0,0,0,0,0,0,0,0,0,11253
-9271,0,0,0,0,0,0,0,0,0,11253
-9271,0,0,0,0,0,0,0,0,0,11253
-9271,0,0,0,0,0,0,0,0,0,11253
-9271,0,0,0,0,0,0,0,0,0,11253
-9271,0,0,0,0,0,0,0,0,0,11253
-9271,0,0,0,0,0,0,0,0,0,11253
-9271,0,0,0,0,0,0,0,0,0,11253
-9271,0,0,0,0,0,0,0,0,0,11253
-9271,0,0,0,0,0,0,0,0,0,11253
-9271,0,0,0,0,0,0,0,0,0,11253
-9271,0,0,0,0,0,0,0,0,0,11253
-9271,0,0,0,0,0,0,0,0,0,11253
-9271,0,0,0,0,0,0,0,0,0,11253
-9271,0,0,0,0,0,0,0,0,0,11253
-9271,0,0,0,0,0,0,0,0,0,11253
-9271,0,0,0,0,0,0,0,0,0,11253
-9271,0,0,0,0,0,0,0,0,0,11253
-9271,0,0,0,0,0,0,0,0,0,11253
-9271,0,0,0,0,0,0,0,0,0,11253
-9271,0,0,0,0,0,0,0,0,0,11253
-9271,0,0,0,0,0,0,0,0,0,11253
-9271,0,0,0,0,0,0,0,0,0,11253
-9271,0,0,0,0,0,0,0,0,0,11253
-9271,0,0,0,0,0,0,0,0,0,11253
-9271,0,0,0,0,0,0,0,0,0,11253
-9271,0,0,0,0,0,0,0,0,0,11253
-9271,0,0,0,0,0,0,0,0,0,11253
-9271,0,0,0,0,0,0,0,0,0,11253
-9271,0,0,0,0,0,0,0,0,0,11253
-9271,0,0,0,0,0,0,0,0,0,11253
-9271,0,0,0,0,0,0,0,0,0,11253
-9271,0,0,0,0,0,0,0,0,0,11253
-9271,0,0,0,0,0,0,0,0,0,11253
-9271,0,0,0,0,0,0,0,0,0,11253
-9271,0,0,0,0,0,0,0,0,0,11253
-9271,0,0,0,0,0,0,0,0,0,11253
-9271,0,0,0,0,0,0,0,0,0,11253
-9271,0,0,0,0,0,0,0,0,0,11253
-9271,0,0,0,0,0,0,0,0,0,11253
-9271,0,0,0,0,0,0,0,0,0,11253
-9311,0,0,0,0,0,0,0,0,0,11188
-9271,0,0,0,0,0,0,0,0,0,11253
-9271,0,0,0,0,0,0,0,0,0,11253
-9271,0,0,0,0,0,0,0,0,0,11253
-9271,0,0,0,0,0,0,0,0,0,11253
-9271,0,0,0,0,0,0,0,0,0,11253
-9271,0,0,0,0,0,0,0,0,0,11253
-9271,0,0,0,0,0,0,0,0,0,11253
-9271,0,0,0,0,0,0,0,0,0,11253
-9271,0,0,0,0,0,0,0,0,0,11253
-9271,0,0,0,0,0,0,0,0,0,11253
-9271,0,0,0,0,0,0,0,0,0,11253
-9271,0,0,0,0,0,0,0,0,0,11253
-9271,0,0,0,0,0,0,0,0,0,11253
-9271,0,0,0,0,0,0,0,0,0,11253
-9271,0,0,0,0,0,0,0,0,0,11253
-9271,0,0,0,0,0,0,0,0,0,11253
-9271,0,0,0,0,0,0,0,0,0,11253
-9271,0,0,0,0,0,0,0,0,0,11253
-9271,0,0,0,0,0,0,0,0,0,11253
-9271,0,0,0,0,0,0,0,0,0,11253
-9271,0,0,0,0,0,0,0,0,0,11253
-9271,0,0,0,0,0,0,0,0,0,11253
-9271,0,0,0,0,0,0,0,0,0,11253
-9271,0,0,0,0,0,0,0,0,0,11253
-9271,0,0,0,0,0,0,0,0,0,11253
-9271,0,0,0,0,0,0,0,0,0,11253
-9271,0,0,0,0,0,0,0,0,0,11253
-9271,0,0,0,0,0,0,0,0,0,11253
-9271,0,0,0,0,0,0,0,0,0,11253
-9271,0,0,0,0,0,0,0,0,0,11253
-9271,0,0,0,0,0,0,0,0,0,11253
-9271,0,0,0,0,0,0,0,0,0,11253
-9271,0,0,0,0,0,0,0,0,0,11253
-9271,0,0,0,0,0,0,0,0,0,11253
-9271,0,0,0,0,0,0,0,0,0,11253
-9271,0,0,0,0,0,0,0,0,0,11253
-9271,0,0,0,0,0,0,0,0,0,11253
-9271,0,0,0,0,0,0,0,0,0,11253
-9271,0,0,0,0,0,0,0,0,0,11253
-9271,0,0,0,0,0,0,0,0,0,11253
-9271,0,0,0,0,0,0,0,0,0,11253
-9271,0,0,0,0,0,0,0,0,0,11253
-9271,0,0,0,0,0,0,0,0,0,11253
-9271,0,0,0,0,0,0,0,0,0,11253
-9271,0,0,0,0,0,0,0,0,0,11253
-9271,0,0,0,0,0,0,0,0,0,11253
-9271,0,0,0,0,0,0,0,0,0,11253
-9271,0,0,0,0,0,0,0,0,0,11253
-9271,0,0,0,0,0,0,0,0,0,11253
-9271,0,0,0,0,0,0,0,0,0,11253
-9271,0,0,0,0,0,0,0,0,0,11253
-9271,0,0,0,0,0,0,0,0,0,11253
-9271,0,0,0,0,0,0,0,0,0,11253
-9271,0,0,0,0,0,0,0,0,0,11253
-9271,0,0,0,0,0,0,0,0,0,11253
-9271,0,0,0,0,0,0,0,0,0,11253
-9271,0,0,0,0,0,0,0,0,0,11253
-9271,0,0,0,0,0,0,0,0,0,11253
-9271,0,0,0,0,0,0,0,0,0,11253
-9271,0,0,0,0,0,0,0,0,0,11253
-9271,0,0,0,0,0,0,0,0,0,11253
-9271,0,0,0,0,0,0,0,0,0,11253
-9271,0,0,0,0,0,0,0,0,0,11253
-9271,0,0,0,0,0,0,0,0,0,11253
-9271,0,0,0,0,0,0,0,0,0,11253
-9271,0,0,0,0,0,0,0,0,0,11253
-9271,0,0,0,0,0,0,0,0,0,11253
-9271,0,0,0,0,0,0,0,0,0,11253
-9271,0,0,0,0,0,0,0,0,0,11253
-9271,0,0,0,0,0,0,0,0,0,11253
-9271,0,0,0,0,0,0,0,0,0,11253
-9271,0,0,0,0,0,0,0,0,0,11253
-9271,0,0,0,0,0,0,0,0,0,11253
-9271,0,0,0,0,0,0,0,0,0,11253
-9271,0,0,0,0,0,0,0,0,0,11253
-9271,0,0,0,0,0,0,0,0,0,11253
-9271,0,0,0,0,0,0,0,0,0,11253
-9271,0,0,0,0,0,0,0,0,0,11253
-9271,0,0,0,0,0,0,0,0,0,11253
-9271,0,0,0,0,0,0,0,0,0,11253
-9271,0,0,0,0,0,0,0,0,0,11253
-9271,0,0,0,0,0,0,0,0,0,11253
-9271,0,0,0,0,0,0,0,0,0,11253
-9271,0,0,0,0,0,0,0,0,0,11253
-9271,0,0,0,0,0,0,0,0,0,11253
-9271,0,0,0,0,0,0,0,0,0,11253
-9271,0,0,0,0,0,0,0,0,0,11253
-9271,0,0,0,0,0,0,0,0,0,11253
-9271,0,0,0,0,0,0,0,0,0,11253
-9271,0,0,0,0,0,0,0,0,0,11253
-9271,0,0,0,0,0,0,0,0,0,11253
-9271,0,0,0,0,0,0,0,0,0,11253
-9271,0,0,0,0,0,0,0,0,0,11253
-9271,0,0,0,0,0,0,0,0,0,11253
-9271,0,0,0,0,0,0,0,0,0,11253
-9271,0,0,0,0,0,0,0,0,0,11253
-9271,0,0,0,0,0,0,0,0,0,11253
-9271,0,0,0,0,0,0,0,0,0,11253
-9271,0,0,0,0,0,0,0,0,0,11253
-9271,0,0,0,0,0,0,0,0,0,11253
-9271,0,0,0,0,0,0,0,0,0,11253
-9271,0,0,0,0,0,0,0,0,0,11253
-9271,0,0,0,0,0,0,0,0,0,11253
-9271,0,0,0,0,0,0,0,0,0,11253
-9271,0,0,0,0,0,0,0,0,0,11253
-9271,0,0,0,0,0,0,0,0,0,11253
-9271,0,0,0,0,0,0,0,0,0,11253
-9271,0,0,0,0,0,0,0,0,0,11253
-9271,0,0,0,0,0,0,0,0,0,11253
-9271,0,0,0,0,0,0,0,0,0,11253
-9271,0,0,0,0,0,0,0,0,0,11253
-9271,0,0,0,0,0,0,0,0,0,11253
-9271,0,0,0,0,0,0,0,0,0,11253
-9271,0,0,0,0,0,0,0,0,0,11253
-9271,0,0,0,0,0,0,0,0,0,11253
-9271,0,0,0,0,0,0,0,0,0,11253
-9271,0,0,0,0,0,0,0,0,0,11253
-9271,0,0,0,0,0,0,0,0,0,11253
-9271,0,0,0,0,0,0,0,0,0,11253
-9271,0,0,0,0,0,0,0,0,0,11253
-9271,0,0,0,0,0,0,0,0,0,11253
-9271,0,0,0,0,0,0,0,0,0,11253
-9271,0,0,0,0,0,0,0,0,0,11253
-9271,0,0,0,0,0,0,0,0,0,11253
-9271,0,0,0,0,0,0,0,0,0,11253
-9271,0,0,0,0,0,0,0,0,0,11253
-9271,0,0,0,0,0,0,0,0,0,11253
-9271,0,0,0,0,0,0,0,0,0,11253
-9271,0,0,0,0,0,0,0,0,0,11253
-9271,0,0,0,0,0,0,0,0,0,11253
-9271,0,0,0,0,0,0,0,0,0,11253
-9271,0,0,0,0,0,0,0,0,0,11253
-9271,0,0,0,0,0,0,0,0,0,11253
-9271,0,0,0,0,0,0,0,0,0,11253
-9271,0,0,0,0,0,0,0,0,0,11253
-9271,0,0,0,0,0,0,0,0,0,11253
-9271,0,0,0,0,0,0,0,0,0,11253
-9271,0,0,0,0,0,0,0,0,0,11253
-9271,0,0,0,0,0,0,0,0,0,11253
-9271,0,0,0,0,0,0,0,0,0,11253
-9271,0,0,0,0,0,0,0,0,0,11253
-9271,0,0,0,0,0,0,0,0,0,11253
-9271,0,0,0,0,0,0,0,0,0,11253
-9271,0,0,0,0,0,0,0,0,0,11253
-9271,0,0,0,0,0,0,0,0,0,11253
-9271,0,0,0,0,0,0,0,0,0,11253
-9271,0,0,0,0,0,0,0,0,0,11253
-9271,0,0,0,0,0,0,0,0,0,11253
-9271,0,0,0,0,0,0,0,0,0,11253
-9271,0,0,0,0,0,0,0,0,0,11253
-9271,0,0,0,0,0,0,0,0,0,11253
-9271,0,0,0,0,0,0,0,0,0,11253
-9271,0,0,0,0,0,0,0,0,0,11253
-9271,0,0,0,0,0,0,0,0,0,11253
-9271,0,0,0,0,0,0,0,0,0,11253
-9271,0,0,0,0,0,0,0,0,0,11253
-9271,0,0,0,0,0,0,0,0,0,11253
-9271,0,0,0,0,0,0,0,0,0,11253
-9271,0,0,0,0,0,0,0,0,0,11253
-9271,0,0,0,0,0,0,0,0,0,11253
-9271,0,0,0,0,0,0,0,0,0,11253
-9271,0,0,0,0,0,0,0,0,0,11253
-9271,0,0,0,0,0,0,0,0,0,11253
-9271,0,0,0,0,0,0,0,0,0,11253
-9271,0,0,0,0,0,0,0,0,0,11253
-9271,0,0,0,0,0,0,0,0,0,11253
-9271,0,0,0,0,0,0,0,0,0,11253
-9271,0,0,0,0,0,0,0,0,0,11253
-9271,0,0,0,0,0,0,0,0,0,11253
-9271,0,0,0,0,0,0,0,0,0,11253
-9271,0,0,0,0,0,0,0,0,0,11253
-9271,0,0,0,0,0,0,0,0,0,11253
-9271,0,0,0,0,0,0,0,0,0,11253
-9271,0,0,0,0,0,0,0,0,0,11253
-9271,0,0,0,0,0,0,0,0,0,11253
-9271,0,0,0,0,0,0,0,0,0,11253
-9271,0,0,0,0,0,0,0,0,0,11253
-9271,0,0,0,0,0,0,0,0,0,11253
-9271,0,0,0,0,0,0,0,0,0,11253
-9271,0,0,0,0,0,0,0,0,0,11253
-9271,0,0,0,0,0,0,0,0,0,11253
-9271,0,0,0,0,0,0,0,0,0,11253
-9271,0,0,0,0,0,0,0,0,0,11253
-9271,0,0,0,0,0,0,0,0,0,11253
-9271,0,0,0,0,0,0,0,0,0,11253
-9271,0,0,0,0,0,0,0,0,0,11253
-9271,0,0,0,0,0,0,0,0,0,11253
-9271,0,0,0,0,0,0,0,0,0,11253
-9271,0,0,0,0,0,0,0,0,0,11253
-9271,0,0,0,0,0,0,0,0,0,11253
-9271,0,0,0,0,0,0,0,0,0,11253
-9271,0,0,0,0,0,0,0,0,0,11253
-9271,0,0,0,0,0,0,0,0,0,11253
-9271,0,0,0,0,0,0,0,0,0,11253
-9271,0,0,0,0,0,0,0,0,0,11253
-9271,0,0,0,0,0,0,0,0,0,11253
-9271,0,0,0,0,0,0,0,0,0,11253
-9271,0,0,0,0,0,0,0,0,0,11253
-9271,0,0,0,0,0,0,0,0,0,11253
-9271,0,0,0,0,0,0,0,0,0,11253
-9271,0,0,0,0,0,0,0,0,0,11253
-9271,0,0,0,0,0,0,0,0,0,11253
-9271,0,0,0,0,0,0,0,0,0,11253
-9271,0,0,0,0,0,0,0,0,0,11253
-9271,0,0,0,0,0,0,0,0,0,11253
-9271,0,0,0,0,0,0,0,0,0,11253
-9271,0,0,0,0,0,0,0,0,0,11253
-9271,0,0,0,0,0,0,0,0,0,11253
-9271,0,0,0,0,0,0,0,0,0,11253
-9271,0,0,0,0,0,0,0,0,0,11253
-9271,0,0,0,0,0,0,0,0,0,11253
-9271,0,0,0,0,0,0,0,0,0,11253
-9271,0,0,0,0,0,0,0,0,0,11253
-9271,0,0,0,0,0,0,0,0,0,11253
-9271,0,0,0,0,0,0,0,0,0,11253
-9271,0,0,0,0,0,0,0,0,0,11253
-9271,0,0,0,0,0,0,0,0,0,11253
-9271,0,0,0,0,0,0,0,0,0,11253
-9271,0,0,0,0,0,0,0,0,0,11253
-9271,0,0,0,0,0,0,0,0,0,11253
-9271,0,0,0,0,0,0,0,0,0,11253
-9271,0,0,0,0,0,0,0,0,0,11253
-9271,0,0,0,0,0,0,0,0,0,11253
-9271,0,0,0,0,0,0,0,0,0,11253
-9271,0,0,0,0,0,0,0,0,0,11253
-9271,0,0,0,0,0,0,0,0,0,11253
-9271,0,0,0,0,0,0,0,0,0,11253
-9271,0,0,0,0,0,0,0,0,0,11253
-9271,0,0,0,0,0,0,0,0,0,11253
-9271,0,0,0,0,0,0,0,0,0,11253
-9271,0,0,0,0,0,0,0,0,0,11253
-9271,0,0,0,0,0,0,0,0,0,11253
-9271,0,0,0,0,0,0,0,0,0,11253
-9271,0,0,0,0,0,0,0,0,0,11253
-9271,0,0,0,0,0,0,0,0,0,11253
-9271,0,0,0,0,0,0,0,0,0,11253
-9271,0,0,0,0,0,0,0,0,0,11253
-9271,0,0,0,0,0,0,0,0,0,11253
-9271,0,0,0,0,0,0,0,0,0,11253
-9271,0,0,0,0,0,0,0,0,0,11253
-9271,0,0,0,0,0,0,0,0,0,11253
-9271,0,0,0,0,0,0,0,0,0,11253
-9271,0,0,0,0,0,0,0,0,0,11253
-9271,0,0,0,0,0,0,0,0,0,11253
-9271,0,0,0,0,0,0,0,0,0,11253
-9271,0,0,0,0,0,0,0,0,0,11253
-9271,0,0,0,0,0,0,0,0,0,11253
-9271,0,0,0,0,0,0,0,0,0,11253
-9271,0,0,0,0,0,0,0,0,0,11253
-9271,0,0,0,0,0,0,0,0,0,11253
-9271,0,0,0,0,0,0,0,0,0,11253
-9271,0,0,0,0,0,0,0,0,0,11253
-9271,0,0,0,0,0,0,0,0,0,11253
-9271,0,0,0,0,0,0,0,0,0,11253
-9271,0,0,0,0,0,0,0,0,0,11253
-9271,0,0,0,0,0,0,0,0,0,11253
-9271,0,0,0,0,0,0,0,0,0,11253
-9271,0,0,0,0,0,0,0,0,0,11253
-9271,0,0,0,0,0,0,0,0,0,11253
-9271,0,0,0,0,0,0,0,0,0,11253
-9271,0,0,0,0,0,0,0,0,0,11253
-9271,0,0,0,0,0,0,0,0,0,11253
-9271,0,0,0,0,0,0,0,0,0,11253
-9271,0,0,0,0,0,0,0,0,0,11253
-9271,0,0,0,0,0,0,0,0,0,11253
-9271,0,0,0,0,0,0,0,0,0,11253
-9271,0,0,0,0,0,0,0,0,0,11253
-9271,0,0,0,0,0,0,0,0,0,11253
-9271,0,0,0,0,0,0,0,0,0,11253
-9271,0,0,0,0,0,0,0,0,0,11253
-9271,0,0,0,0,0,0,0,0,0,11253
-9271,0,0,0,0,0,0,0,0,0,11253
-9271,0,0,0,0,0,0,0,0,0,11253
-9271,0,0,0,0,0,0,0,0,0,11253
-9271,0,0,0,0,0,0,0,0,0,11253
-9271,0,0,0,0,0,0,0,0,0,11253
-9271,0,0,0,0,0,0,0,0,0,11253
-9271,0,0,0,0,0,0,0,0,0,11253
-9271,0,0,0,0,0,0,0,0,0,11253
-9271,0,0,0,0,0,0,0,0,0,11253
-9271,0,0,0,0,0,0,0,0,0,11253
-9271,0,0,0,0,0,0,0,0,0,11253
-9271,0,0,0,0,0,0,0,0,0,11253
-9271,0,0,0,0,0,0,0,0,0,11253
-9271,0,0,0,0,0,0,0,0,0,11253
-9271,0,0,0,0,0,0,0,0,0,11253
-9271,0,0,0,0,0,0,0,0,0,11253
-9271,0,0,0,0,0,0,0,0,0,11253
-9271,0,0,0,0,0,0,0,0,0,11253
-9271,0,0,0,0,0,0,0,0,0,11253
-9271,0,0,0,0,0,0,0,0,0,11253
-9271,0,0,0,0,0,0,0,0,0,11253
-9271,0,0,0,0,0,0,0,0,0,11253
-9271,0,0,0,0,0,0,0,0,0,11253
-9271,0,0,0,0,0,0,0,0,0,11253
-9271,0,0,0,0,0,0,0,0,0,11253
-9271,0,0,0,0,0,0,0,0,0,11253
-9271,0,0,0,0,0,0,0,0,0,11253
-9271,0,0,0,0,0,0,0,0,0,11253
-9359,0,0,0,0,0,0,0,0,0,11242
-9271,0,0,0,0,0,0,0,0,0,11253
-9271,0,0,0,0,0,0,0,0,0,11253
-9271,0,0,0,0,0,0,0,0,0,11253
-9271,0,0,0,0,2,0,0,0,0,11253
-9271,0,0,0,0,0,0,0,0,0,11253
-9271,0,0,0,0,0,0,0,0,0,11253
-9271,0,0,0,0,0,0,0,0,0,11253
-9271,0,0,0,0,0,0,0,0,0,11253
-9271,0,0,0,0,0,0,0,0,0,11253
-9271,0,0,0,0,0,0,0,0,0,11253
-9271,0,0,0,0,0,0,0,0,0,11253
-9271,0,0,0,0,0,0,0,0,0,11253
-9271,0,0,0,0,0,0,0,0,0,11253
-9271,0,0,0,0,0,0,0,0,0,11253
-9271,0,0,0,0,0,0,0,0,0,11253
-9271,0,0,0,0,0,0,0,0,0,11253
-9271,0,0,0,0,0,0,0,0,0,11253
-9271,0,0,0,0,0,0,0,0,0,11253
-9271,0,0,0,0,0,0,0,0,0,11253
-9271,0,0,0,0,0,0,0,0,0,11253
-9271,0,0,0,0,0,0,0,0,0,11253
-9271,0,0,0,0,0,0,0,0,0,11253
-9271,0,0,0,0,0,0,0,0,0,11253
-9271,0,0,0,0,0,0,0,0,0,11253
-9271,0,0,0,0,0,0,0,0,0,11253
-9271,0,0,0,0,0,0,0,0,0,11253
-9271,0,0,0,0,0,0,0,0,0,11253
-9271,0,0,0,0,0,0,0,0,0,11253
-9271,0,0,0,0,0,0,0,0,0,11253
-9271,0,0,0,0,0,0,0,0,0,11253
-9271,0,0,0,0,0,0,0,0,0,11253
-9271,0,0,0,0,0,0,0,0,0,11253
-9271,0,0,0,0,0,0,0,0,0,11253
-9271,0,0,0,0,0,0,0,0,0,11253
-9271,0,0,0,0,0,0,0,0,0,11253
-9271,0,0,0,0,0,0,0,0,0,11253
-9271,0,0,0,0,0,0,0,0,0,11253
-9271,0,0,0,0,0,0,0,0,0,11253
-9271,0,0,0,0,0,0,0,0,0,11253
-9271,0,0,0,0,0,0,0,0,0,11253
-9271,0,0,0,0,0,0,0,0,0,11253
-9271,0,0,0,0,0,0,0,0,0,11253
-9271,0,0,0,0,0,0,0,0,0,11253
-9271,0,0,0,0,0,0,0,0,0,11253
-9271,0,0,0,0,0,0,0,0,0,11253
-9271,0,0,0,0,0,0,0,0,0,11253
-9271,0,0,0,0,0,0,0,0,0,11253
-9271,0,0,0,0,0,0,0,0,0,11253
-9271,0,0,0,0,0,0,0,0,0,11253
-9271,0,0,0,0,0,0,0,0,0,11253
-9271,0,0,0,0,0,0,0,0,0,11253
-9271,0,0,0,0,0,0,0,0,0,11253
-9271,0,0,0,0,0,0,0,0,0,11253
-9271,0,0,0,0,0,0,0,0,0,11253
-9271,0,0,0,0,0,0,0,0,0,11253
-9271,0,0,0,0,0,0,0,0,0,11253
-9271,0,0,0,0,0,0,0,0,0,11253
-9271,0,0,0,0,0,0,0,0,0,11253
-9271,0,0,0,0,0,0,0,0,0,11253
-9271,0,0,0,0,0,0,0,0,0,11253
-9271,0,0,0,0,0,0,0,0,0,11253
-9271,0,0,0,0,0,0,0,0,0,11253
-9271,0,0,0,0,0,0,0,0,0,11253
-9271,0,0,0,0,0,0,0,0,0,11253
-9271,0,0,0,0,0,0,0,0,0,11253
-9271,0,0,0,0,0,0,0,0,0,11253
-9271,0,0,0,0,0,0,0,0,0,11253
-9271,0,0,0,0,0,0,0,0,0,11253
-9271,0,0,0,0,0,0,0,0,0,11253
-9271,0,0,0,0,0,0,0,0,0,11253
-9271,0,0,0,0,0,0,0,0,0,11253
-9271,0,0,0,0,0,0,0,0,0,11253
-9271,0,0,0,0,0,0,0,0,0,11253
-9271,0,0,0,0,0,0,0,0,0,11253
-9271,0,0,0,0,0,0,0,0,0,11253
-9271,0,0,0,0,0,0,0,0,0,11253
-9271,0,0,0,0,0,0,0,0,0,11253
-9271,0,0,0,0,0,0,0,0,0,11253
-9271,0,0,0,0,0,0,0,0,0,11253
-9271,0,0,0,0,0,0,0,0,0,11253
-9271,0,0,0,0,0,0,0,0,0,11253
-9271,0,0,0,0,0,0,0,0,0,11253
-9271,0,0,0,0,0,0,0,0,0,11253
-9271,0,0,0,0,0,0,0,0,0,11253
-9271,0,0,0,0,0,0,0,0,0,11253
10236,0,0,0,6,0,0,0,0,0,1
678,0,0,0,9,0,0,0,0,0,1683
-9271,0,0,0,0,0,0,0,0,0,11253
-9271,0,0,0,0,0,0,0,0,0,11253
3771,0,0,0,6,0,0,0,0,0,1719
-9271,0,0,0,0,0,0,0,0,0,11253
-9271,0,0,0,0,0,0,0,0,0,11253
-9271,0,0,0,0,0,0,0,0,0,11253
-9271,0,0,0,0,0,0,0,0,0,11253
-9271,0,0,0,0,0,0,0,0,0,11253
-9271,0,0,0,0,0,0,0,0,0,11253
-9271,0,0,0,0,0,0,0,0,0,11253
-9271,0,0,0,0,0,0,0,0,0,11253
-9271,0,0,0,0,0,0,0,0,0,11253
-9271,0,0,0,0,0,0,0,0,0,11253
-9271,0,0,0,0,0,0,0,0,0,11253
-9271,0,0,0,0,0,0,0,0,0,11253
-9271,0,0,0,0,0,0,0,0,0,11253
-9271,0,0,0,0,0,0,0,0,0,11253
-9271,0,0,0,0,0,0,0,0,0,11253
-9271,0,0,0,0,0,0,0,0,0,11253
-9271,0,0,0,0,0,0,0,0,0,11253
-9271,0,0,0,0,0,0,0,0,0,11253
-9271,0,0,0,0,0,0,0,0,0,11253
-9271,0,0,0,0,0,0,0,0,0,11253
-9271,0,0,0,0,0,0,0,0,0,11253
-9271,0,0,0,0,0,0,0,0,0,11253
-9271,0,0,0,0,0,0,0,0,0,11253
-9271,0,0,0,0,0,0,0,0,0,11253
-9271,0,0,0,0,0,0,0,0,0,11253
-9271,0,0,0,0,0,0,0,0,0,11253
-9271,0,0,0,0,0,0,0,0,0,11253
-9271,0,0,0,0,0,0,0,0,0,11253
-9271,0,0,0,0,0,0,0,0,0,11253
-9271,0,0,0,0,0,0,0,0,0,11253
-9271,0,0,0,0,0,0,0,0,0,11253
-9431,0,0,0,1,0,0,0,0,0,11213
-9271,0,0,0,0,0,0,0,0,0,11253
-9271,0,0,0,0,0,0,0,0,0,11253
-28707,0,0,0,1,0,0,0,0,0,811
-29339,0,0,0,1,0,0,0,0,0,9128
-9289,0,0,0,0,0,0,0,0,0,11247
-9271,0,0,0,0,0,0,0,0,0,11253
-9271,0,0,0,0,0,0,0,0,0,11253
-9271,0,0,0,0,0,0,0,0,0,11253
-9271,0,0,0,0,0,0,0,0,0,11253
-9271,0,0,0,0,0,0,0,0,0,11253
-9271,0,0,0,0,0,0,0,0,0,11253
-9271,0,0,0,0,0,0,0,0,0,11253
-9271,0,0,0,0,0,0,0,0,0,11253
-9271,0,0,0,0,0,0,0,0,0,11253
-9271,0,0,0,0,0,0,0,0,0,11253
-9271,0,0,0,0,0,0,0,0,0,11253
-9271,0,0,0,0,0,0,0,0,0,11253
-9271,0,0,0,0,0,0,0,0,0,11253
-9271,0,0,0,0,0,0,0,0,0,11253
-9271,0,0,0,0,0,0,0,0,0,11253
-9271,0,0,0,0,0,0,0,0,0,11253
-9271,0,0,0,0,0,0,0,0,0,11253
-9271,0,0,0,0,0,0,0,0,0,11253
-9271,0,0,0,0,0,0,0,0,0,11253
-9271,0,0,0,0,0,0,0,0,0,11253
-9271,0,0,0,0,0,0,0,0,0,11253
-9271,0,0,0,0,0,0,0,0,0,11253
-9271,0,0,0,0,0,0,0,0,0,11253
-9271,0,0,0,0,0,0,0,0,0,11253
-9271,0,0,0,0,0,0,0,0,0,11253
-9271,0,0,0,0,0,0,0,0,0,11253
-9271,0,0,0,0,0,0,0,0,0,11253
-9271,0,0,0,0,0,0,0,0,0,11253
-9271,0,0,0,0,0,0,0,0,0,11253
-9271,0,0,0,0,0,0,0,0,0,11253
-9271,0,0,0,0,0,0,0,0,0,11253
-9632,0,0,0,0,0,0,0,0,0,11202
6145,0,0,0,7,0,0,0,0,0,1
0,0,0,0,7,0,0,0,0,0,0
0,0,0,0,1,0,0,0,0,0,0
818,0,0,0,9,0,0,0,0,0,1841
-9311,0,0,0,0,0,0,0,0,0,11249
-9271,0,0,0,0,0,0,0,0,0,11253
-9271,0,0,0,0,0,0,0,0,0,11253
-9271,0,0,0,0,0,0,0,0,0,11253
-9271,0,0,0,0,0,0,0,0,0,11253
-9271,0,0,0,0,0,0,0,0,0,11253
-9271,0,0,0,0,0,0,0,0,0,11253
-9271,0,0,0,0,0,0,0,0,0,11253
-9271,0,0,0,0,0,0,0,0,0,11253
-9271,0,0,0,0,0,0,0,0,0,11253
-9271,0,0,0,0,0,0,0,0,0,11253
-9271,0,0,0,0,0,0,0,0,0,11253
-9271,0,0,0,0,0,0,0,0,0,11253
-9271,0,0,0,0,0,0,0,0,0,11253
-9271,0,0,0,0,0,0,0,0,0,11253
-9271,0,0,0,0,0,0,0,0,0,11253
-9271,0,0,0,0,0,0,0,0,0,11253
-9271,0,0,0,0,0,0,0,0,0,11253
-9271,0,0,0,0,0,0,0,0,0,11253
-9271,0,0,0,0,0,0,0,0,0,11253
-9271,0,0,0,0,0,0,0,0,0,11253
-9271,0,0,0,0,0,0,0,0,0,11253
-9271,0,0,0,0,0,0,0,0,0,11253
-9271,0,0,0,0,0,0,0,0,0,11253
-9271,0,0,0,0,0,0,0,0,0,11253
-9271,0,0,0,0,0,0,0,0,0,11253
-9271,0,0,0,0,0,0,0,0,0,11253
-9271,0,0,0,0,0,0,0,0,0,11253
-9271,0,0,0,0,0,0,0,0,0,11253
-9271,0,0,0,0,0,0,0,0,0,11253
-9271,0,0,0,0,0,0,0,0,0,11253
-9271,0,0,0,0,0,0,0,0,0,11253
-9271,0,0,0,0,0,0,0,0,0,11253
-9271,0,0,0,0,0,0,0,0,0,11253
-9271,0,0,0,0,0,0,0,0,0,11253
-9271,0,0,0,0,0,0,0,0,0,11253
-9271,0,0,0,0,0,0,0,0,0,11253
-9271,0,0,0,0,0,0,0,0,0,11253
-9271,0,0,0,0,0,0,0,0,0,11253
-9271,0,0,0,0,0,0,0,0,0,11253
-9271,0,0,0,0,0,0,0,0,0,11253
-9271,0,0,0,0,0,0,0,0,0,11253
-9271,0,0,0,0,0,0,0,0,0,11253
-9271,0,0,0,0,0,0,0,0,0,11253
-9271,0,0,0,0,0,0,0,0,0,11253
-9271,0,0,0,0,0,0,0,0,0,11253
-9271,0,0,0,0,0,0,0,0,0,11253
-9271,0,0,0,0,0,0,0,0,0,11253
-9271,0,0,0,0,0,0,0,0,0,11253
-9271,0,0,0,0,0,0,0,0,0,11253
-9271,0,0,0,0,0,0,0,0,0,11253
-9271,0,0,0,0,0,0,0,0,0,11253
-9271,0,0,0,0,0,0,0,0,0,11253
-9271,0,0,0,0,0,0,0,0,0,11253
-9271,0,0,0,0,0,0,0,0,0,11253
-9271,0,0,0,0,0,0,0,0,0,11253
-9271,0,0,0,0,0,0,0,0,0,11253
-9271,0,0,0,0,0,0,0,0,0,11253
-9271,0,0,0,0,0,0,0,0,0,11253
-9271,0,0,0,0,0,0,0,0,0,11253
-9271,0,0,0,0,0,0,0,0,0,11253
-9271,0,0,0,0,0,0,0,0,0,11253
-9271,0,0,0,0,0,0,0,0,0,11226
-9271,0,0,0,0,0,0,0,0,0,11253
-9271,0,0,0,0,0,0,0,0,0,11253
-9271,0,0,0,0,0,0,0,0,0,11253
-9271,0,0,0,0,0,0,0,0,0,11253
-9271,0,0,0,0,0,0,0,0,0,11253
-9271,0,0,0,0,0,0,0,0,0,11253
-9271,0,0,0,0,0,0,0,0,0,11253
-9271,0,0,0,0,0,0,0,0,0,11253
-9271,0,0,0,0,0,0,0,0,0,11253
-9271,0,0,0,0,0,0,0,0,0,11253
-9271,0,0,0,0,0,0,0,0,0,11253
-9271,0,0,0,0,0,0,0,0,0,11253
-9271,0,0,0,0,0,0,0,0,0,11253
-9271,0,0,0,0,0,0,0,0,0,11253
-9271,0,0,0,0,0,0,0,0,0,11253
-9271,0,0,0,0,0,0,0,0,0,11253
-9271,0,0,0,0,0,0,0,0,0,11253
-9271,0,0,0,0,0,0,0,0,0,11253
-9271,0,0,0,0,0,0,0,0,0,11253
-9271,0,0,0,0,0,0,0,0,0,11253
-9271,0,0,0,0,0,0,0,0,0,11253
-9271,0,0,0,0,0,0,0,0,0,11253
-9271,0,0,0,0,0,0,0,0,0,11253
-9271,0,0,0,0,0,0,0,0,0,11253
-9271,0,0,0,0,0,0,0,0,0,11253
-9271,0,0,0,0,0,0,0,0,0,11253
-9271,0,0,0,0,0,0,0,0,0,11253
-9271,0,0,0,0,0,0,0,0,0,11253
-9271,0,0,0,0,0,0,0,0,0,11253
-9271,0,0,0,0,0,0,0,0,0,11253
-9271,0,0,0,0,0,0,0,0,0,11253
-9271,0,0,0,0,0,0,0,0,0,11253
-9271,0,0,0,0,0,0,0,0,0,11253
-9271,0,0,0,0,0,0,0,0,0,11253
-9271,0,0,0,0,0,0,0,0,0,11253
-9271,0,0,0,0,0,0,0,0,0,11253
-9271,0,0,0,0,0,0,0,0,0,11253
-9271,0,0,0,0,0,0,0,0,0,11253
-9271,0,0,0,0,0,0,0,0,0,11253
-9271,0,0,0,0,0,0,0,0,0,11253
-9271,0,0,0,0,0,0,0,0,0,11253
-9271,0,0,0,0,0,0,0,0,0,11253
-9271,0,0,0,0,0,0,0,0,0,11253
-9271,0,0,0,0,0,0,0,0,0,11253
-9271,0,0,0,0,0,0,0,0,0,11253
-9271,0,0,0,0,0,0,0,0,0,11253
-9271,0,0,0,0,0,0,0,0,0,11253
-9271,0,0,0,0,0,0,0,0,0,11253
-9271,0,0,0,0,0,0,0,0,0,11253
-9271,0,0,0,0,0,0,0,0,0,11253
-9271,0,0,0,0,0,0,0,0,0,11253
-9271,0,0,0,0,0,0,0,0,0,11253
-9271,0,0,0,0,0,0,0,0,0,11253
-9271,0,0,0,0,0,0,0,0,0,11253
-9271,0,0,0,0,0,0,0,0,0,11253
-9271,0,0,0,0,0,0,0,0,0,11253
-9271,0,0,0,0,0,0,0,0,0,11253
-9271,0,0,0,0,0,0,0,0,0,11253
-9271,0,0,0,0,0,0,0,0,0,11253
-9271,0,0,0,0,0,0,0,0,0,11253
-9271,0,0,0,0,0,0,0,0,0,11253
-9271,0,0,0,0,0,0,0,0,0,11253
-9271,0,0,0,0,0,0,0,0,0,11253
-9271,0,0,0,0,0,0,0,0,0,11253
-9271,0,0,0,0,0,0,0,0,0,11253
-9271,0,0,0,0,0,0,0,0,0,11253
-9271,0,0,0,0,0,0,0,0,0,11253
-9271,0,0,0,0,0,0,0,0,0,11253
-9271,0,0,0,0,0,0,0,0,0,11253
-9271,0,0,0,0,0,0,0,0,0,11253
-9271,0,0,0,0,0,0,0,0,0,11253
-9271,0,0,0,0,0,0,0,0,0,11253
-9271,0,0,0,0,0,0,0,0,0,11253
-9271,0,0,0,0,0,0,0,0,0,11253
-9271,0,0,0,0,0,0,0,0,0,11253
-9271,0,0,0,0,0,0,0,0,0,11253
-9271,0,0,0,0,0,0,0,0,0,11253
-9271,0,0,0,0,0,0,0,0,0,11253
-9271,0,0,0,0,0,0,0,0,0,11253
-9271,0,0,0,0,0,0,0,0,0,11253
-9271,0,0,0,0,0,0,0,0,0,11253
-9271,0,0,0,0,0,0,0,0,0,11253
-9271,0,0,0,0,0,0,0,0,0,11253
-9271,0,0,0,0,0,0,0,0,0,11253
-9271,0,0,0,0,0,0,0,0,0,11253
-9271,0,0,0,0,0,0,0,0,0,11253
-9271,0,0,0,0,0,0,0,0,0,11253
-9271,0,0,0,0,0,0,0,0,0,11253
-9271,0,0,0,0,0,0,0,0,0,11253
-9271,0,0,0,0,0,0,0,0,0,11253
-9271,0,0,0,0,0,0,0,0,0,11253
-9271,0,0,0,0,0,0,0,0,0,11253
-9271,0,0,0,0,0,0,0,0,0,11253
-9271,0,0,0,0,0,0,0,0,0,11253
-9271,0,0,0,0,0,0,0,0,0,11253
-9271,0,0,0,0,0,0,0,0,0,11253
-9271,0,0,0,0,0,0,0,0,0,11253
-9271,0,0,0,0,0,0,0,0,0,11253
-9271,0,0,0,0,0,0,0,0,0,11253
-9271,0,0,0,0,0,0,0,0,0,11253
-9271,0,0,0,0,0,0,0,0,0,11253
-9271,0,0,0,0,0,0,0,0,0,11253
-9271,0,0,0,0,0,0,0,0,0,11253
-9271,0,0,0,0,0,0,0,0,0,11253
27743,0,0,0,2,0,0,0,0,0,8055
-9271,0,0,0,0,0,0,0,0,0,11253
-9271,0,0,0,0,0,0,0,0,0,11253
-9271,0,0,0,0,0,0,0,0,0,11253
-9271,0,0,0,0,0,0,0,0,0,11253
28646,0,0,0,2,0,0,0,0,0,1
2779,0,0,0,8,0,0,0,0,0,1
0,0,0,0,11,0,0,0,0,0,0
0,0,0,0,11,0,0,0,0,0,0
4,0,0,0,11,0,0,0,0,0,1
0,0,0,0,11,0,0,0,0,0,0
0,0,0,0,11,0,0,0,0,0,0
0,0,0,0,11,0,0,0,0,0,0
0,0,0,0,11,0,0,0,0,0,0
0,0,0,0,0,0,0,0,0,0,0
0,0,0,0,0,0,0,0,0,0,0
0,0,0,0,0,0,0,0,0,0,0
6,0,0,0,6,0,0,0,0,0,1
0,0,0,0,11,0,0,0,0,0,0
0,0,0,0,11,0,0,0,0,0,0
0,0,0,0,11,0,0,0,0,0,0
0,0,0,0,11,0,0,0,0,0,0
0,0,0,0,11,0,0,0,0,0,0
0,0,0,0,11,0,0,0,0,0,0
0,0,0,0,11,0,0,0,0,0,0
0,0,0,0,11,0,0,0,0,0,0
0,0,0,0,11,0,0,0,0,0,0
0,0,0,0,11,0,0,0,0,0,0
0,0,0,0,10,0,0,0,0,0,0
9,0,0,0,11,0,0,0,0,0,1
0,0,0,0,11,0,0,0,0,0,0
0,0,0,0,11,0,0,0,0,0,0
2,0,0,0,11,0,0,0,0,0,1
0,0,0,0,11,0,0,0,0,0,0
0,0,0,0,11,0,0,0,0,0,0
0,0,0,0,11,0,0,0,0,0,0
0,0,0,0,11,0,0,0,0,0,0
0,0,0,0,11,0,0,0,0,0,0
0,0,0,0,11,0,0,0,0,0,0
931,0,0,0,8,0,0,0,0,0,1
0,0,0,0,10,0,0,0,0,0,855
-9271,0,0,0,0,0,0,0,0,0,11253
27548,0,0,0,3,0,0,0,0,0,8027
-9271,0,0,0,0,0,0,0,0,0,11253
-9271,0,0,0,0,0,0,0,0,0,11253
-9271,0,0,0,0,0,0,0,0,0,11253
3077,0,0,0,8,0,0,0,0,0,1
0,0,0,0,11,0,0,0,0,0,0
0,0,0,0,11,0,0,0,0,0,0
0,0,0,0,11,0,0,0,0,0,0
0,0,0,0,11,0,0,0,0,0,0
0,0,0,0,11,0,0,0,0,0,0
1,0,0,0,10,0,0,0,0,0,1
0,0,0,0,11,0,0,0,0,0,0
0,0,0,0,11,0,0,0,0,0,0
0,0,0,0,11,0,0,0,0,0,0
0,0,0,0,11,0,0,0,0,0,0
0,0,0,0,11,0,0,0,0,0,0
0,0,0,0,11,0,0,0,0,0,0
0,0,0,0,11,0,0,0,0,0,0
0,0,0,0,11,0,0,0,0,0,0
0,0,0,0,11,0,0,0,0,0,0
0,0,0,0,11,0,0,0,0,0,0
0,0,0,0,11,0,0,0,0,0,0
0,0,0,0,11,0,0,0,0,0,0
0,0,0,0,11,0,0,0,0,0,0
0,0,0,0,11,0,0,0,0,0,0
0,0,0,0,11,0,0,0,0,0,0
0,0,0,0,11,0,0,0,0,0,0
0,0,0,0,11,0,0,0,0,0,0
0,0,0,0,11,0,0,0,0,0,0
0,0,0,0,11,0,0,0,0,0,0
0,0,0,0,11,0,0,0,0,0,0
0,0,0,0,11,0,0,0,0,0,0
0,0,0,0,11,0,0,0,0,0,0
0,0,0,0,11,0,0,0,0,0,0
912,0,0,0,8,0,0,0,0,0,1933
-9271,0,0,0,0,0,0,0,0,0,11253
-9271,0,0,0,0,0,0,0,0,0,11253
-9271,0,0,0,0,0,0,0,0,0,11253
-9271,0,0,0,0,0,0,0,0,0,11253
-9271,0,0,0,0,0,0,0,0,0,11253
-9271,0,0,0,0,0,0,0,0,0,11253
-9271,0,0,0,0,0,0,0,0,0,11253
-9271,0,0,0,0,0,0,0,0,0,11253
-9271,0,0,0,0,0,0,0,0,0,11253
-9271,0,0,0,0,0,0,0,0,0,11253
-9271,0,0,0,0,0,0,0,0,0,11253
-9271,0,0,0,0,0,0,0,0,0,11253
-9271,0,0,0,0,0,0,0,0,0,11253
-9271,0,0,0,0,0,0,0,0,0,11253
-9271,0,0,0,0,0,0,0,0,0,11253
-9271,0,0,0,0,0,0,0,0,0,11253
-9271,0,0,0,0,0,0,0,0,0,11253
-9271,0,0,0,0,0,0,0,0,0,11253
-9271,0,0,0,0,0,0,0,0,0,11253
-9271,0,0,0,0,0,0,0,0,0,11253
-9271,0,0,0,0,0,0,0,0,0,11253
-9271,0,0,0,0,0,0,0,0,0,11253
-9271,0,0,0,0,0,0,0,0,0,11253
-9271,0,0,0,0,0,0,0,0,0,11253
-9271,0,0,0,0,0,0,0,0,0,11253
-9271,0,0,0,0,0,0,0,0,0,11253
-9271,0,0,0,0,0,0,0,0,0,11253
-9271,0,0,0,0,0,0,0,0,0,11253
-9271,0,0,0,0,0,0,0,0,0,11253
-9271,0,0,0,0,0,0,0,0,0,11253
-9271,0,0,0,0,0,0,0,0,0,11253
-9271,0,0,0,0,0,0,0,0,0,11253
-9271,0,0,0,0,0,0,0,0,0,11253
-9271,0,0,0,0,0,0,0,0,0,11253
-9271,0,0,0,0,0,0,0,0,0,11253
-9271,0,0,0,0,0,0,0,0,0,11253
-9271,0,0,0,0,0,0,0,0,0,11253
-9271,0,0,0,0,0,0,0,0,0,11253
-9271,0,0,0,0,0,0,0,0,0,11253
-9271,0,0,0,0,0,0,0,0,0,11253
-9271,0,0,0,0,0,0,0,0,0,11253
-9271,0,0,0,0,0,0,0,0,0,11253
-9271,0,0,0,0,0,0,0,0,0,11253
-9271,0,0,0,0,0,0,0,0,0,11253
-9271,0,0,0,0,0,0,0,0,0,11253
-9271,0,0,0,0,0,0,0,0,0,11253
-9271,0,0,0,0,0,0,0,0,0,11253
-9271,0,0,0,0,0,0,0,0,0,11253
-9271,0,0,0,0,0,0,0,0,0,11253
-9271,0,0,0,0,0,0,0,0,0,11253
-9271,0,0,0,0,0,0,0,0,0,11253
-9271,0,0,0,0,0,0,0,0,0,11253
-9271,0,0,0,0,0,0,0,0,0,11253
-9271,0,0,0,0,0,0,0,0,0,11253
-9271,0,0,0,0,0,0,0,0,0,11253
-9271,0,0,0,0,0,0,0,0,0,11253
-9271,0,0,0,0,0,0,0,0,0,11253
-9271,0,0,0,0,0,0,0,0,0,11253
-9271,0,0,0,0,0,0,0,0,0,11253
-9271,0,0,0,0,0,0,0,0,0,11253
-9271,0,0,0,0,0,0,0,0,0,11253
-9271,0,0,0,0,0,0,0,0,0,11253
-9271,0,0,0,0,0,0,0,0,0,11253
-9271,0,0,0,0,0,0,0,0,0,11253
-19500,0,0,0,1,0,0,0,0,0,1
-21184,0,0,0,1,0,0,0,0,0,10043
-9271,0,0,0,0,0,0,0,0,0,11253
-9271,0,0,0,0,0,0,0,0,0,11253
-9271,0,0,0,0,0,0,0,0,0,11253
-9271,0,0,0,0,0,0,0,0,0,11253
-9271,0,0,0,0,0,0,0,0,0,11253
-9271,0,0,0,0,0,0,0,0,0,11253
-9271,0,0,0,0,0,0,0,0,0,11253
-9271,0,0,0,0,0,0,0,0,0,11253
-9271,0,0,0,0,0,0,0,0,0,11253
-9271,0,0,0,0,0,0,0,0,0,11253
-9271,0,0,0,0,0,0,0,0,0,11253
-9271,0,0,0,0,0,0,0,0,0,11253
-9271,0,0,0,0,0,0,0,0,0,11253
-9271,0,0,0,0,0,0,0,0,0,11253
-9271,0,0,0,0,0,0,0,0,0,11253
-9271,0,0,0,0,0,0,0,0,0,11253
-9271,0,0,0,0,0,0,0,0,0,11253
-9271,0,0,0,0,0,0,0,0,0,11253
-9271,0,0,0,0,0,0,0,0,0,11253
-9271,0,0,0,0,0,0,0,0,0,11253
-9271,0,0,0,0,0,0,0,0,0,11253
-9271,0,0,0,0,0,0,0,0,0,11253
-9271,0,0,0,0,0,0,0,0,0,11253
-9271,0,0,0,0,0,0,0,0,0,11253
-9271,0,0,0,0,0,0,0,0,0,11253
-9271,0,0,0,0,0,0,0,0,0,11253
-9271,0,0,0,0,0,0,0,0,0,11253
-9271,0,0,0,0,0,0,0,0,0,11253
-9271,0,0,0,0,0,0,0,0,0,11253
-9271,0,0,0,0,0,0,0,0,0,11253
-9271,0,0,0,0,0,0,0,0,0,11253
-9271,0,0,0,0,0,0,0,0,0,11253
-9271,0,0,0,0,0,0,0,0,0,11253
-9271,0,0,0,0,0,0,0,0,0,11253
-9271,0,0,0,0,0,0,0,0,0,11253
-9271,0,0,0,0,0,0,0,0,0,11253
-9271,0,0,0,0,0,0,0,0,0,11253
-19500,0,0,0,1,0,0,0,0,0,1
0,0,0,0,11,0,0,0,0,0,0
0,0,0,0,11,0,0,0,0,0,0
0,0,0,0,11,0,0,0,0,0,0
0,0,0,0,11,0,0,0,0,0,0
0,0,0,0,11,0,0,0,0,0,0
14718,0,0,0,1,0,0,0,0,0,922
-29003,0,0,0,2,0,0,0,0,0,964
11898,0,0,0,10,0,0,0,0,0,0
0,0,0,0,0,0,0,0,0,0,0
2887,0,0,0,0,0,0,0,0,0,2921
18779,0,0,0,0,0,0,0,0,0,1977
0,0,0,0,0,0,0,0,0,0,0
0,0,0,0,0,0,0,0,0,0,0
0,0,0,0,0,0,0,0,0,0,0
0,0,0,0,0,0,0,0,0,0,0
0,0,0,0,0,0,0,0,0,0,0
0,0,0,0,0,0,0,0,0,0,0
0,0,0,0,0,0,0,0,0,0,0
6503,0,0,0,0,0,0,0,0,0,929
0,0,0,0,0,0,0,0,0,0,0
4855,0,0,0,0,0,0,0,0,0,971
0,0,0,0,0,0,0,0,0,0,0
0,0,0,0,0,0,0,0,0,0,0
0,0,0,0,0,0,0,0,0,0,0
0,0,0,0,0,0,0,0,0,0,0
0,0,0,0,0,0,0,0,0,0,0
0,0,0,0,0,0,0,0,0,0,0
0,0,0,0,0,0,0,0,0,0,0
0,0,0,0,0,0,0,0,0,0,0
0,0,0,0,0,0,0,0,0,0,0
0,0,0,0,0,0,0,0,0,0,0
0,0,0,0,0,0,0,0,0,0,0
0,0,0,0,0,0,0,0,0,0,0
0,0,0,0,0,0,0,0,0,0,0
0,0,0,0,0,0,0,0,0,0,0
0,0,0,0,0,0,0,0,0,0,0
0,0,0,0,0,0,0,0,0,0,0
0,0,0,0,0,0,0,0,0,0,0
0,0,0,0,0,0,0,0,0,0,0
0,0,0,0,0,0,0,0,0,0,0
0,0,0,0,0,0,0,0,0,0,0
0,0,0,0,0,0,0,0,0,0,0
0,0,0,0,0,0,0,0,0,0,0
0,0,0,0,0,0,0,0,0,0,0
0,0,0,0,0,0,0,0,0,0,0
0,0,0,0,0,0,0,0,0,0,0
1,0,0,0,1,0,0,0,0,0,1
7,0,0,0,10,0,0,0,0,0,1
0,0,0,0,11,0,0,0,0,0,0
0,0,0,0,11,0,0,0,0,0,0
0,0,0,0,11,0,0,0,0,0,0
0,0,0,0,11,0,0,0,0,0,0
0,0,0,0,11,0,0,0,0,0,0
0,0,0,0,11,0,0,0,0,0,0
0,0,0,0,11,0,0,0,0,0,0
0,0,0,0,11,0,0,0,0,0,0
0,0,0,0,11,0,0,0,0,0,0
0,0,0,0,11,0,0,0,0,0,0
0,0,0,0,11,0,0,0,0,0,0
0,0,0,0,11,0,0,0,0,0,0
0,0,0,0,11,0,0,0,0,0,0
0,0,0,0,11,0,0,0,0,0,0
0,0,0,0,11,0,0,0,0,0,0
0,0,0,0,11,0,0,0,0,0,0
0,0,0,0,11,0,0,0,0,0,0
0,0,0,0,11,0,0,0,0,0,0
0,0,0,0,11,0,0,0,0,0,0
0,0,0,0,11,0,0,0,0,0,0
0,0,0,0,11,0,0,0,0,0,0
0,0,0,0,11,0,0,0,0,0,0
0,0,0,0,11,0,0,0,0,0,0
0,0,0,0,11,0,0,0,0,0,0
0,0,0,0,11,0,0,0,0,0,0
0,0,0,0,11,0,0,0,0,0,0
0,0,0,0,11,0,0,0,0,0,0
0,0,0,0,11,0,0,0,0,0,0
0,0,0,0,11,0,0,0,0,0,0
0,0,0,0,8,0,0,0,0,0,0
0,0,0,0,0,0,0,0,0,0,0
0,0,0,0,0,0,0,0,0,0,0
0,0,0,0,0,0,0,0,0,0,0
0,0,0,0,0,0,0,0,0,0,0
0,0,0,0,0,0,0,0,0,0,0
0,0,0,0,0,0,0,0,0,0,0
0,0,0,0,0,0,0,0,0,0,0
0,0,0,0,0,0,0,0,0,0,0
0,0,0,0,0,0,0,0,0,0,0
0,0,0,0,0,0,0,0,0,0,0
0,0,0,0,0,0,0,0,0,0,0
0,0,0,0,0,0,0,0,0,0,0
0,0,0,0,0,0,0,0,0,0,0
0,0,0,0,0,0,0,0,0,0,0
0,0,0,0,0,0,0,0,0,0,0
0,0,0,0,0,0,0,0,0,0,0
0,0,0,0,0,0,0,0,0,0,0
0,0,0,0,0,0,0,0,0,0,0
0,0,0,0,0,0,0,0,0,0,0
0,0,0,0,0,0,0,0,0,0,0
0,0,0,0,0,0,0,0,0,0,0
0,0,0,0,0,0,0,0,0,0,0
0,0,0,0,0,0,0,0,0,0,0
0,0,0,0,0,0,0,0,0,0,0
0,0,0,0,8,0,0,0,0,0,0
0,0,0,0,11,0,0,0,0,0,0
0,0,0,0,11,0,0,0,0,0,0
0,0,0,0,11,0,0,0,0,0,0
0,0,0,0,11,0,0,0,0,0,0
6,0,0,0,11,0,0,0,0,0,1
-20925,0,0,0,11,0,0,0,0,0,5956
5670,0,0,0,11,0,0,0,0,0,1902
0,0,0,0,11,0,0,0,0,0,0
0,0,0,0,11,0,0,0,0,0,0
0,0,0,0,11,0,0,0,0,0,0
0,0,0,0,11,0,0,0,0,0,0
0,0,0,0,11,0,0,0,0,0,0
0,0,0,0,11,0,0,0,0,0,0
0,0,0,0,11,0,0,0,0,0,0
0,0,0,0,11,0,0,0,0,0,0
0,0,0,0,11,0,0,0,0,0,0
8693,0,0,0,11,0,0,0,0,0,1936
0,0,0,0,11,0,0,0,0,0,0
0,0,0,0,11,0,0,0,0,0,0
0,0,0,0,11,0,0,0,0,0,0
0,0,0,0,11,0,0,0,0,0,0
0,0,0,0,11,0,0,0,0,0,0
0,0,0,0,11,0,0,0,0,0,0
0,0,0,0,11,0,0,0,0,0,0
16472,0,0,0,11,0,0,0,0,0,2908
0,0,0,0,11,0,0,0,0,0,0
0,0,0,0,11,0,0,0,0,0,0
0,0,0,0,11,0,0,0,0,0,0
0,0,0,0,11,0,0,0,0,0,0
6765,0,0,0,8,0,0,0,0,0,3902
0,0,0,0,0,0,0,0,0,0,0
0,0,0,0,0,0,0,0,0,0,0
0,0,0,0,0,0,0,0,0,0,0
9660,0,0,0,0,0,0,0,0,0,966
0,0,0,0,0,0,0,0,0,0,0
0,0,0,0,0,0,0,0,0,0,0
0,0,0,0,0,0,0,0,0,0,0
0,0,0,0,0,0,0,0,0,0,0
0,0,0,0,0,0,0,0,0,0,0
0,0,0,0,0,0,0,0,0,0,0
0,0,0,0,0,0,0,0,0,0,0
0,0,0,0,0,0,0,0,0,0,0
0,0,0,0,0,0,0,0,0,0,0
0,0,0,0,0,0,0,0,0,0,0
0,0,0,0,0,0,0,0,0,0,0
957,0,0,0,0,0,0,0,0,0,957
0,0,0,0,0,0,0,0,0,0,954
11,0,0,0,11,0,0,0,0,0,1
0,0,0,0,11,0,0,0,0,0,0
0,0,0,0,11,0,0,0,0,0,0
1940,0,0,0,11,0,0,0,0,0,970
-31245,0,0,0,2,0,0,0,0,0,6880
0,0,0,0,0,0,0,0,0,0,0
0,0,0,0,0,0,0,0,0,0,0
-15975,0,0,0,0,0,0,0,0,0,7927
0,0,0,0,0,0,0,0,0,0,0
0,0,0,0,0,0,0,0,0,0,0
7746,0,0,0,10,0,0,0,0,0,968
1,0,0,0,11,0,0,0,0,0,0
0,0,0,0,11,0,0,0,0,0,0
0,0,0,0,11,0,0,0,0,0,0
1878,0,0,0,1,0,0,0,0,0,939
-27790,0,0,0,0,0,0,0,0,0,5810
4755,0,0,0,0,0,0,0,0,0,951
16392,0,0,0,0,0,0,0,0,0,3885
0,0,0,0,0,0,0,0,0,0,0
6790,0,0,0,0,0,0,0,0,0,1941
24814,0,0,0,0,0,0,0,0,0,2997
-20350,0,0,0,0,0,0,0,0,0,6019
9450,0,0,0,0,0,0,0,0,0,945
0,0,0,0,0,0,0,0,0,0,966
0,0,0,0,0,0,0,0,0,0,0
0,0,0,0,0,0,0,0,0,0,0
0,0,0,0,0,0,0,0,0,0,0
0,0,0,0,0,0,0,0,0,0,0
0,0,0,0,0,0,0,0,0,0,0
0,0,0,0,0,0,0,0,0,0,0
0,0,0,0,0,0,0,0,0,0,0
0,0,0,0,0,0,0,0,0,0,0
0,0,0,0,0,0,0,0,0,0,0
0,0,0,0,0,0,0,0,0,0,0
0,0,0,0,0,0,0,0,0,0,0
0,0,0,0,0,0,0,0,0,0,0
0,0,0,0,0,0,0,0,0,0,0
0,0,0,0,0,0,0,0,0,0,0
0,0,0,0,0,0,0,0,0,0,0
0,0,0,0,0,0,0,0,0,0,0
0,0,0,0,0,0,0,0,0,0,0
0,0,0,0,0,0,0,0,0,0,0
0,0,0,0,0,0,0,0,0,0,0
9,0,0,0,9,0,0,0,0,0,1
0,0,0,0,10,0,0,0,0,0,0
0,0,0,0,11,0,0,0,0,0,0
0,0,0,0,11,0,0,0,0,0,0
0,0,0,0,11,0,0,0,0,0,0
0,0,0,0,11,0,0,0,0,0,0
0,0,0,0,11,0,0,0,0,0,0
0,0,0,0,11,0,0,0,0,0,0
0,0,0,0,11,0,0,0,0,0,0
0,0,0,0,11,0,0,0,0,0,0
0,0,0,0,11,0,0,0,0,0,0
0,0,0,0,11,0,0,0,0,0,0
0,0,0,0,11,0,0,0,0,0,0
0,0,0,0,11,0,0,0,0,0,0
0,0,0,0,11,0,0,0,0,0,0
0,0,0,0,11,0,0,0,0,0,0
0,0,0,0,11,0,0,0,0,0,0
0,0,0,0,11,0,0,0,0,0,0
0,0,0,0,11,0,0,0,0,0,0
0,0,0,0,11,0,0,0,0,0,0
0,0,0,0,11,0,0,0,0,0,0
0,0,0,0,11,0,0,0,0,0,0
0,0,0,0,11,0,0,0,0,0,0
0,0,0,0,11,0,0,0,0,0,0
0,0,0,0,11,0,0,0,0,0,0
0,0,0,0,11,0,0,0,0,0,0
0,0,0,0,11,0,0,0,0,0,0
0,0,0,0,11,0,0,0,0,0,0
0,0,0,0,11,0,0,0,0,0,0
0,0,0,0,11,0,0,0,0,0,0
0,0,0,0,11,0,0,0,0,0,0
0,0,0,0,11,0,0,0,0,0,0
0,0,0,0,11,0,0,0,0,0,0
0,0,0,0,11,0,0,0,0,0,0
0,0,0,0,11,0,0,0,0,0,0
0,0,0,0,11,0,0,0,0,0,0
0,0,0,0,11,0,0,0,0,0,0
0,0,0,0,11,0,0,0,0,0,0
0,0,0,0,11,0,0,0,0,0,0
0,0,0,0,11,0,0,0,0,0,0
0,0,0,0,11,0,0,0,0,0,0
0,0,0,0,11,0,0,0,0,0,0
0,0,0,0,11,0,0,0,0,0,0
0,0,0,0,11,0,0,0,0,0,0
0,0,0,0,11,0,0,0,0,0,0
0,0,0,0,11,0,0,0,0,0,0
0,0,0,0,11,0,0,0,0,0,0
0,0,0,0,11,0,0,0,0,0,0
0,0,0,0,11,0,0,0,0,0,0
0,0,0,0,11,0,0,0,0,0,0
0,0,0,0,11,0,0,0,0,0,0
0,0,0,0,11,0,0,0,0,0,0
0,0,0,0,11,0,0,0,0,0,0
0,0,0,0,11,0,0,0,0,0,0
0,0,0,0,11,0,0,0,0,0,0
0,0,0,0,11,0,0,0,0,0,0
0,0,0,0,11,0,0,0,0,0,0
0,0,0,0,11,0,0,0,0,0,0
0,0,0,0,11,0,0,0,0,0,0
0,0,0,0,11,0,0,0,0,0,0
0,0,0,0,11,0,0,0,0,0,0
0,0,0,0,11,0,0,0,0,0,0
0,0,0,0,11,0,0,0,0,0,0
10543,0,0,0,11,0,0,0,0,0,2881
0,0,0,0,11,0,0,0,0,0,0
0,0,0,0,11,0,0,0,0,0,0
0,0,0,0,11,0,0,0,0,0,0
0,0,0,0,11,0,0,0,0,0,0
0,0,0,0,11,0,0,0,0,0,0
5790,0,0,0,11,0,0,0,0,0,1
9370,0,0,0,11,0,0,0,0,0,2873
10,0,0,0,11,0,0,0,0,0,1
0,0,0,0,11,0,0,0,0,0,0
0,0,0,0,11,0,0,0,0,0,0
0,0,0,0,11,0,0,0,0,0,0
0,0,0,0,11,0,0,0,0,0,0
0,0,0,0,11,0,0,0,0,0,0
0,0,0,0,11,0,0,0,0,0,0
0,0,0,0,11,0,0,0,0,0,0
0,0,0,0,11,0,0,0,0,0,0
0,0,0,0,11,0,0,0,0,0,0
0,0,0,0,11,0,0,0,0,0,0
0,0,0,0,11,0,0,0,0,0,0
0,0,0,0,11,0,0,0,0,0,0
0,0,0,0,11,0,0,0,0,0,0
0,0,0,0,11,0,0,0,0,0,0
0,0,0,0,11,0,0,0,0,0,0
0,0,0,0,11,0,0,0,0,0,0
0,0,0,0,11,0,0,0,0,0,0
0,0,0,0,11,0,0,0,0,0,0
0,0,0,0,11,0,0,0,0,0,0
0,0,0,0,11,0,0,0,0,0,0
0,0,0,0,11,0,0,0,0,0,0
0,0,0,0,11,0,0,0,0,0,0
0,0,0,0,11,0,0,0,0,0,0
0,0,0,0,11,0,0,0,0,0,0
0,0,0,0,11,0,0,0,0,0,0
0,0,0,0,11,0,0,0,0,0,0
0,0,0,0,11,0,0,0,0,0,0
0,0,0,0,11,0,0,0,0,0,0
0,0,0,0,11,0,0,0,0,0,0
0,0,0,0,11,0,0,0,0,0,0
0,0,0,0,11,0,0,0,0,0,0
0,0,0,0,11,0,0,0,0,0,0
0,0,0,0,11,0,0,0,0,0,0
0,0,0,0,11,0,0,0,0,0,0
0,0,0,0,11,0,0,0,0,0,0
0,0,0,0,11,0,0,0,0,0,0
0,0,0,0,11,0,0,0,0,0,0
0,0,0,0,11,0,0,0,0,0,0
0,0,0,0,11,0,0,0,0,0,0
